56979791
58836406
56973565
59644191
59815104
59022285
55813943
59912603
59694255
59709925
58953350
58653772
58802526
60060179
59655904
58645195
57598019
59415021
59456444
59770975
57989272
59823807
59714642
59162332
59683661
59877831
59695042
59004969
60048548
58304527
59963518
59825755
59635697
59678911
59372522
59454658
59789253
58836953
58244213
56593346
59312708
58687825
58848425
58883017
59339135
59531126
58157662
59411816
59477532
58919765
57941322
59405999
59146246
59777589
57428419
59874582
58990268
59000836
59194024
59638040
59914496
58576672
60026016
59908553
60094266
59598091
56603414
58800796
59521547
58261568
59912671
59090000
59053395
58918611
59823119
59521759
58815088
56594113
58980784
59432071
60052586
56644170
59456965
59583689
59606634
59670750
58896902
60015000
59868057
59682612
59813756
55803395
59654564
60070052
59579368
59590875
59790231
59531438
59805650
59349573
59500694
59766951
58836840
59915298
59471633
59507834
60056532
59589241
59975687
60080098
59592715
59480759
59334269
59377330
59659124
56918275
59470643
59428730
60056973
55804247
56763027
58665743
59399567
59434050
59836282
59682171
59745012
59129881
59793372
56569397
59012074
59914686
59006042
59008544
60032899
59006452
58941848
56785264
59879525
59601637
59548749
58841079
60068208
59638440
58351109
55859484
59841489
59619572
60051890
59551148
59379485
56607956
59706832
59704601
56571343
58050430
58413335
58766014
59248677
57968013
58657028
60103379
59831293
58693150
58573543
58934551
59334959
59891360
56620856
59686101
58827551
59916436
59907409
59509220
59795644
59139704
59792043
58886089
59414303
58776416
59095875
58587797
59192352
59291526
58841965
58715473
59108860
60034026
59127066
60036284
59491982
59500067
58831062
59751364
59576206
59678856
59548576
59063281
59793361
59477629
60066625
59748336
59900328
58440996
59748517
58589924
59353212
59456204
59057743
58040389
57405431
58583081
59882326
59592690
58790817
59895724
59822962
59783864
58975682
59613408
59407381
59858387
58728127
59010804
58651469
59871329
59671717
59541606
59913804
60072819
60031379
56794445
56020124
59882070
56600653
59861398
58538196
59826219
59709307
58448858
58779297
58727257
57403023
56550705
59536573
59819271
59785940
58831918
56629267
58808657
59706932
59961978
59671475
59477437
60079630
58620497
59640273
59346063
58065631
59449550
57196670
59684946
58517683
59646265
59879509
59564888
59576376
59414023
57400276
59094364
56979791
58836406
56973565
59644191
59815104
59022285
55813943
59912603
59694255
59709925
58953350
58653772
58802526
60060179
59655904
58645195
57598019
59415021
59456444
59770975
57989272
59823807
59714642
59162332
59683661
59877831
59695042
58806220
60023112
58053922
59892147
57957529
59900236
56806549
57963911
59493116
58490496
59326241
59581975
59858173
59032127
59905880
58252678
60039564
58729178
59674540
56805185
59049888
59598189
59460509
59607449
58548840
56547797
59603024
57872563
59806166
58835321
56546200
59004969
60048548
58304527
59963518
59825755
59635697
59678911
59372522
59454658
59789253
58836953
58244213
56593346
59312708
58687825
58848425
58883017
59339135
59531126
58157662
59411816
59477532
58919765
57941322
59405999
59146246
59777589
57428419
59874582
58990268
59000836
59194024
59638040
59604721
58907401
58939361
59099405
59713980
58779736
56784104
59654946
59342488
59539927
56550813
58816075
59499069
58203183
57289891
59126839
56603213
59766095
56597113
59797774
57227329
57650271
59856406
59839319
59644696
58989147
59010202
59472160
58803466
59382757
59914496
58576672
60026016
59908553
60094266
59598091
56603414
58800796
59521547
58261568
59912671
59090000
59053395
58918611
59823119
59521759
58815088
56594113
58980784
59432071
60052586
56644170
59456965
59583689
59606634
59670750
58896902
60015000
59868057
59682612
59813756
55803395
59654564
58778214
59872532
58988262
59826594
58194725
59094700
59635883
59512663
57448628
58538196
60070052
59579368
59590875
59790231
59531438
59805650
59349573
59500694
59766951
58836840
59915298
59471633
59507834
60056532
59589241
59975687
60080098
59592715
59480759
59334269
59377330
59659124
56918275
59470643
59428730
60056973
55804247
56763027
58665743
59399567
59434050
59836282
58850010
58989147
59057743
59380794
59372522
59192352
59342488
59334269
59579368
59682171
59745012
59129881
59793372
56569397
59012074
59914686
59006042
59008544
60032899
59006452
58941848
56785264
59879525
59601637
59548749
58841079
60068208
59638440
58351109
55859484
59841489
59619572
60051890
59551148
59379485
56607956
59706832
59704601
56571343
58050430
58413335
58766014
59248677
57968013
58657028
60103379
59831293
58693150
58573543
58934551
59334959
59891360
56620856
59686101
58827551
59916436
59907409
59509220
59795644
59139704
59792043
58886089
59414303
58776416
59095875
58587797
59192352
59291526
58841965
58715473
59108860
60034026
59127066
60036284
59491982
59500067
58831062
59751364
59576206
59678856
59548576
59063281
59793361
59477629
60066625
59748336
59900328
58440996
59748517
58589924
59353212
59456204
59057743
58040389
57405431
58583081
59882326
59592690
58790817
59895724
59822962
59783864
58975682
59613408
59407381
59858387
58728127
59010804
58651469
59871329
59671717
59541606
59913804
60072819
60031379
56794445
56020124
59882070
56600653
59861398
58538196
59826219
59709307
58448858
58779297
58727257
57403023
56550705
59536573
59819271
59785940
58831918
56629267
58808657
59706932
59961978
59671475
59477437
60079630
58620497
59640273
59346063
58065631
59449550
57196670
59684946
58517683
59646265
59879509
59564888
59576376
59414023
57400276
59094364
58806220
60023112
58053922
59892147
57957529
59900236
56806549
57963911
59493116
58490496
59326241
59581975
59858173
59032127
59905880
58252678
60039564
58729178
59674540
56805185
59049888
59598189
59460509
59607449
58548840
56547797
59603024
57872563
59806166
58835321
56546200
59604721
58907401
58939361
59099405
59713980
58779736
56784104
59654946
59342488
59539927
56550813
58816075
59499069
58203183
57289891
59126839
56603213
59766095
56597113
59797774
57227329
57650271
59856406
59839319
59644696
58989147
59010202
59472160
58803466
59382757
58778214
59872532
58988262
59826594
58194725
59094700
59635883
59512663
57448628
60301481
60333770
59346063
59432071
59414303
58693150
59576376
59349573
59326241
59576206
59598189
59640273
60230940
60327426
60227615
60236048
60202784
60217781
60225132
60182700
60189616
60207868
59477532
59819271
60015000
60080098
60023112
58351109
60260611
60094266
60196391
60126308
60034026
60192945
58053922
59635883
60056532
58304527
60313966
58490496
60313776
60278927
60210313
60213195
60223404
60171605
60229460
60231256
60226371
60189198
60240331
60200468
60176269
59963518
59682612
60197159
60324289
60173203
60178251
60066625
60068208
58896902
60250262
60232207
60233589
60245477
60273087
60179530
60216484
60197830
60258335
60247798
58157662
57872563
60070052
58203183
59961978
60286644
60280226
60122410
60269791
60219806
60203028
60198934
60169403
60246891
60259402
60229039
60207364
60229456
60239252
60179269
60326910
60216393
60251024
60237592
60256613
60226989
60180968
60247451
60220170
60273039
60259541
60255162
60289127
60292339
60248480
60233077
60243095
60332504
60259560
60255861
60210378
60268652
60241330
60239497
60256974
60288187
60250860
60308836
60239544
60258498
60311775
60303110
60317010
60311715
60202166
60285946
60307251
60174335
60222392
59826600
59589241
59997017
60021370
59842700
60032239
60200404
59856555
59590875
60271232
57400276
57650271
60300825
60243682
60224596
60146316
59635697
60296245
60199657
57448628
60215017
60297455
59988811
58194725
59049888
60147398
60211097
60289814
60200353
59940236
60039325
59826594
58645195
57963911
58778214
58448858
60046900
57989272
60276853
60229852
60287474
60132845
59941341
59947050
60023173
60160749
59531126
59606634
58261568
58065631
59607449
60040021
60328154
57289891
60086631
60326038
59831293
59990596
59958038
60034210
59795644
59548576
60011024
60331810
60313863
58587797
60201226
60001749
60228429
60251656
60172845
60196121
60282656
58657028
59659124
60336390
60253781
60148468
60321996
60301392
60153389
60039708
60233845
60254065
60312947
60286169
60332165
60252023
60282517
60304881
59783864
60280406
60325324
60195964
60308511
60313457
60214795
60329799
60286744
60251039
60160711
60190549
60087801
60155247
60290316
60312719
60159351
60327867
60205166
60251154
60202609
60308865
60318738
60324229
60308358
60282028
60132061
60023513
60286527
60292647
60221436
60177048
60326045
60316291
60133214
60240630
60308954
60255156
60295582
60323916
60302683
60333445
60330587
60272973
60284218
60332398
60199008
60252922
60256076
60302735
60260728
60316771
60252096
60173090
60329004
60086276
60295180
60258776
60332781
60170052
60291832
60328076
60139118
60280977
60088915
60294582
60286612
60252473
60199018
60229823
60334676
60286595
60223768
60300316
60277776
60333905
60286824
60326136
60242490
60194928
60325517
60333090
60278539
60081961
60294927
60277433
60290336
60279206
60297043
60295087
60309976
60217568
60319793
60335542
60286423
60076978
60255423
60283749
60283238
60203073
60294321
60216829
60321789
60324059
60217918
60284974
60305016
60304873
60272691
60105075
60306276
60287470
60281337
60289825
60240791
60326048
60249526
60327361
60292080
60336103
60283097
60290624
60206914
60322888
60177724
60306246
60285614
60277677
60287405
60335577
60311771
60292814
60247496
60147410
60324364
60294440
60261692
60315898
60321730
60295589
60287480
60285668
60302014
60312567
60296194
60319305
60236155
60276838
60310028
60305717
60292370
60279357
60254288
60300287
60318153
60282690
60280553
60280241
60296579
60226460
60298602
60300180
60277010
60334543
60156947
60298372
60281928
60286455
60293629
60300267
60306300
60289050
60333716
60301591
60294717
60318141
60321104
60163237
60228137
60301073
60335637
60279429
60250221
60277156
60306122
60298619
60289435
60297859
60282130
60297829
60330389
60332959
60295739
60190574
60271788
60282469
60292082
60286206
60200033
60279192
60325162
60287264
60332325
60285126
60321510
60306088
57968013
60313959
60285377
60326327
60310777
60316001
60305165
60309876
60291279
60294553
60300291
60300942
60286669
60332810
60287187
60310578
60296242
60282510
60282178
60330442
60303771
60290709
60298746
60233019
60271124
60295411
60217933
60312737
60316596
60311385
60240947
60297831
60320979
60286764
60317399
60293556
60311820
60336829
60334180
60312365
60289318
60325938
60318674
60318674
60297742
60298080
60324835
60272302
60335293
60310268
60293940
60308033
60289749
60304945
60245560
60285353
60311842
60301738
60278780
60324919
60298694
60285057
60282228
60332528
60313897
60296474
60315763
60287594
60247356
60278854
60289011
60293603
60294456
60242685
60279632
60289621
60244934
60279579
60285433
60301842
60335335
60288134
60278204
60277252
60274786
60336465
60318325
60275713
60310540
60288664
60301605
60309526
60287546
60285560
60295681
60302071
60326370
60277190
60320091
60314438
60291452
60303552
60291216
60319907
60286149
60208555
60255095
60314763
60288451
60280258
60232872
60303582
60292041
60307960
60300357
60305011
60293426
60335841
60282051
60324947
60265587
60289464
60292217
60283054
60286617
60321094
60310244
60301333
60285730
60301128
60307790
60322926
60301627
60337626
60258637
60212933
60304178
60279233
60298448
60296029
60333619
60333477
60289327
60236345
60239946
60324501
60330337
60321764
60299705
60334375
60316676
60314243
60336254
60311876
60331219
60301043
60259755
60337235
60292287
60330649
60299186
60300909
60271655
60300550
60337176
60327430
60336332
60335185
60237134
60279315
60297550
60300088
60290460
60299078
60319467
60235592
60296891
60286007
60328774
60297480
60285187
60248639
60237610
60288873
60305714
60305167
60324803
60307668
60303366
60314237
60335255
60321865
60319209
60245919
60289685
60282714
60297475
60314080
60281281
60278090
60293415
60299319
60321459
60322619
60310274
60297862
60284371
60337593
60318166
60324003
60289711
60309764
60303881
60314327
60312528
60313781
60291121
60282566
60314318
60317709
60269838
60287077
60314212
60290157
60288425
60246371
60277565
60252528
60306208
60280489
60250847
60301044
60293618
60322722
60337479
60332819
60334833
60282075
60284293
60289805
60300746
60330646
60256077
60317727
60283698
60295649
60294436
60280457
60326932
60320935
60333484
60290403
60325267
60308269
60332385
60290340
60320025
60334205
60216642
60326348
60313974
60297518
60297631
60279777
60282936
60286460
60280018
60294893
60309860
60307603
60237161
60310187
60336551
60293293
60283067
60322807
60307344
60316701
60306643
60321161
60293495
60314010
60297177
60328965
60300467
60336006
60247547
60279669
60308329
60336243
60335488
60299387
60294273
60333220
60316661
60337008
60279553
60294637
60284704
60300687
60285957
60315760
60286474
60337111
60290742
60334171
60302926
60282040
60277351
60287501
60299532
60300768
60289412
60311945
60303271
60335576
60319494
60304392
60300405
60272642
60315316
60304113
60296887
60284036
60283050
60279552
60321418
60287769
60288538
60286077
60334151
60266895
60316830
60292963
60304652
60292468
60306141
60299092
60299434
60313401
60318562
60290088
60280263
60312066
60300699
60251216
60278099
60312239
60297098
60288990
60292639
60301622
60290148
60295348
60310760
60290462
60286342
60284002
60334261
60309815
60278850
60337149
60297942
60287704
60335671
60327371
60309898
60291533
60281700
60304968
60329124
60292989
60290035
60297777
60286018
60281288
60311742
60282853
60296018
60283320
60290053
60291895
60337228
60326211
60332241
60335030
60279876
60283659
60288947
60286880
60292674
60285728
60276907
60314831
60298874
60284143
60333638
60291096
60282552
60324218
60297495
60282944
60290809
60313707
60276955
60264566
60278394
60323763
60290619
60283789
60336304
60281510
60285350
60281387
60292929
60305100
60293552
60314249
60300524
60317852
60333476
60310124
60291837
60327367
60284073
60336009
60300218
60282220
60277467
60299250
60283476
60278862
60287971
60300432
60306089
60314226
60292871
60315458
60302724
60284083
60293578
60304181
60278759
60280454
60312368
60284664
60289815
60308334
60334784
60284684
60295434
60312390
60329698
60290509
60308648
60293533
60285043
60286525
60279845
60308702
60308788
60295581
60290221
60314341
60323592
60288299
60294936
60336088
60309309
60307982
60297448
60321575
60335686
60332835
60286563
60290091
60292998
60299183
60329795
60330701
60316296
60307849
60282613
60295176
60287152
60286067
60294041
60280125
60287868
60309324
60289301
60281749
60310664
60336229
60296073
60288694
60328787
60283280
60291990
60286113
60322399
60321370
60286400
60294666
60300544
60331722
60298900
60333718
60312480
60316663
60312738
60286255
60302889
60307964
60337736
60299027
60335230
60280989
60284053
60304478
60309750
60311412
60291450
60285379
60308095
60286654
60290389
60280474
60307526
60288585
60297559
60337728
60284512
60337333
60291951
60285846
60285718
60277763
60292868
60297077
60296992
60333055
60322377
60304656
60286219
60278434
60296638
60330525
60288817
60334993
60334612
60337220
60288193
60288269
60292182
60282159
60316276
60289377
60288018
60295648
60335431
60288398
60289467
60289605
60288624
60290344
60283600
60326518
60316138
60289472
60309289
60310331
60320964
60290583
60335958
60284262
60332643
60306013
60308683
60322151
60287129
60290478
60293474
60289745
60281478
60287046
60290331
60337737
60292073
60320900
60282806
60316546
60310259
60292931
60287628
60284314
60324074
60300527
60323197
60285844
60286032
60315953
60286056
60280757
60314222
60285883
60330379
60278744
60319856
60332576
60337317
60336710
60286367
60302782
60282988
60283277
60336659
60329544
60319469
60337347
60292950
60278556
60280746
60301183
60280720
60319837
60291812
60289612
60290453
60289765
60295195
60306705
60295864
60279645
60286223
60285962
60286373
60295551
60334716
60285002
60317914
60321044
60286466
60312236
60287536
60292538
60277937
60334387
60282055
60326577
60309727
60333601
60305053
60307695
60308640
60298228
60289451
60289103
60282127
60325164
60314638
60305212
60289429
60300184
60293271
60305980
60319955
60288808
60334904
60322638
60317090
60296760
60286693
60284940
60288459
60289760
60286696
60300017
60291568
60337680
60289917
60289061
60329540
60292851
60318637
60286687
60330944
60300025
60323778
60327920
60278700
60315588
60313407
60290400
60279132
60291897
60302980
60290202
60298916
60317550
60295191
60298539
60294028
60326247
60289076
60279128
60303984
60292305
60325335
60297482
60311028
60286973
60283932
60284367
60287007
60297915
60287543
60283973
60307402
60291924
60287332
60314055
60324898
60288787
60335019
60297965
60330945
60291981
60285947
60286118
60331158
60307379
60287805
60286926
60287131
60284120
60285874
60289059
60292085
60289232
60320242
60306219
60296192
60291172
60319381
60311128
60299518
60305285
60289370
60289469
60286785
60287699
60299031
60307572
60297978
60321373
60284858
60284839
60280483
60295167
60330679
60290282
60283460
60286430
60286351
60280545
60313501
60298830
60280865
60336581
60286857
60337035
60285326
60301817
60334633
60307495
60281723
60333587
60308714
60306173
60309402
60284325
60290779
60287613
60289383
60282768
60311639
60307951
60289466
60311881
60294670
60314483
60334445
60288387
60334709
60337684
60289926
60303065
60300154
60313333
60312401
60335360
60297038
60294276
60281956
60289709
60334772
60337332
60314677
60317960
60281258
60333557
60310188
60296615
60310414
60336662
60301272
60308088
60333517
60316734
60318372
60306306
60310312
60331687
60290652
60286627
60337609
60288898
60327994
60282492
60276960
60336426
60335922
60286936
60285512
60334478
60280217
60296131
60315704
60337662
60292891
60289769
60296048
60317654
60327944
60282893
60329585
60289309
60333684
60302621
60298310
60295243
60309517
60320601
60291537
60289030
60277087
60297560
60329907
60288515
60282381
60280141
60313948
60326173
60326155
60320309
60281933
60315767
60289175
60282585
60281871
60280143
60291743
60279805
60314085
60289410
60335220
60299283
60325287
60310359
60296210
60289860
60319336
60299122
60308367
60295675
60291469
60291045
60285281
60285178
60336178
60290880
60312238
60315210
60334491
60302656
60309729
60318059
60280866
60292123
60285780
60305394
60311672
60319505
60286691
60298063
60335343
60283116
60309871
60317366
60306294
60328829
60306289
60282576
60322702
60284752
60333765
60294188
60300080
60298686
60300492
60296380
60287429
60282185
60289497
60285405
60302623
60289245
60316539
60278227
60310149
60334662
60289644
60287863
60303806
60298927
60296244
60290247
60284102
60293019
60281753
60305039
60324356
60276885
60292130
60308458
60301209
60333748
60280344
60302772
60289574
60289521
60306710
60282070
60282770
60278654
60309044
60278973
60323101
60279303
60316200
60298555
60305388
60321090
60296618
60277073
60331804
60308191
60314418
60286334
60305606
60278883
60336236
60310323
60310020
60295160
60306709
60301704
60279893
60306330
60305560
60279408
60309922
60300896
60322423
60298576
60296539
60294776
60306764
60279967
60304149
60281940
60284970
60279491
60297740
60309916
60315542
60304980
60286487
60313791
60295130
60319422
60308482
60283935
60313725
60295081
60283542
60335071
60294989
60287293
60282119
60282780
60281800
60286082
60286954
60307687
60329777
60279928
60323147
60278280
60293710
60290404
60320933
60288562
60287265
60328744
60315847
60278262
60302580
60300445
60312396
60326381
60307696
60312523
60309139
60335057
60329734
60308627
60300838
60311208
60277101
60315887
60302906
60283472
60299109
60285646
60306258
60332993
60336371
60290163
60283494
60336509
60307571
60278679
60285411
60291914
60303765
60300447
60290208
60309334
60335130
60315811
60319504
60307405
60336347
60301351
60337183
60336068
60313845
60290392
60310144
60279806
60310154
60300775
60292569
60303615
60282419
60321455
60307655
60309828
60293026
60311444
60293067
60312822
60322271
60312325
60317988
60327169
60319202
60337635
60324376
60320031
60310261
60295367
60297812
60317569
60296113
60306515
60325568
60288985
60323106
60310235
60324332
60277583
60334467
60322856
60319579
60331180
60316212
60333565
60290285
60296191
60314378
60331250
60297669
60309321
60319705
60290317
60298667
60331284
60329664
60334771
60318795
60302812
60288620
60313278
60317887
60289407
60290390
60306344
60333005
60325096
60317349
60322753
60295399
60319522
60333219
60311449
60331606
60330366
60325364
60300014
60290766
60328839
60323979
60289923
60285838
60303411
60311070
60310180
60279242
60313217
60329189
60336221
60334150
60337703
60332858
60335392
60303450
60328982
60298699
60298204
60305333
60314182
60326523
60310843
60284708
60329276
60310039
60291119
60334284
60308822
60312291
60337500
60301798
60333665
60333567
60286497
60333963
60337161
60334140
60337452
60332513
60337545
60322455
60334486
60314473
60334553
60328241
60333746
60337708
60336676
60325964
59766095
60141462
60128380
60141600
60296813
60263875
60286093
60287650
60288428
60287454
60204480
60284273
60287009
60310437
60245285
60293435
60300481
60293476
60334746
60336816
60325090
60282995
60231900
60281970
60327955
60245700
60304903
60334681
60284167
60276857
60323013
60228533
60297088
60317595
60255205
60303215
60160606
60308041
60047504
60299449
60308687
60324325
60294598
60285747
60225055
60300839
60191890
60307171
60282020
60325376
60311495
60289803
60249374
60312515
60295902
60287814
60327175
60292043
60284534
60308166
60318701
60299151
60295139
60293342
60300806
60283562
60284577
60295108
60314639
60335346
60291376
60293567
60292994
60336414
60282984
60336441
60293015
60305480
60287968
60280362
60288916
60292608
60309062
60334210
60334525
60336741
60293599
60319887
60321403
60287297
60337296
60297582
60311317
60305756
60295177
60335998
60305132
60336022
60297729
60321177
60297729
60321177
60304179
60293490
60304047
60283212
60290011
60302849
60289091
60282305
60307926
60335728
60307798
60283299
60289665
60334522
60336315
60327198
60297108
60308513
60335822
60305065
60335614
60335055
60304571
60299016
60289940
60286974
60288886
60336486
60286974
60288886
60336486
60279705
60289511
60278600
60290262
60300980
60332871
60337331
60337331
60290894
60297072
60289238
60282609
60282480
60281598
60301245
60285770
60286711
60286178
60290434
60290185
60282857
60283805
60289772
60283402
60334507
60335272
60292527
60314557
60280611
60313643
60279386
60311747
60332856
60316382
60289289
60295284
60317835
60298586
60306679
60287282
60323946
60306525
60290593
60290432
60321181
60295661
60278430
60334754
60313870
60318383
60279838
60296923
60337841
60288550
60279176
60285397
60321183
60287076
60312338
60325374
60335322
60337145
60303417
60282290
60306691
59449550
60325325
60277919
59032127
60317271
60308225
60311997
60333879
60325462
60307211
60298147
60150431
60097665
60304252
60285749
60183644
60286302
60289782
60295576
60317523
60294016
60329845
60287157
60286536
60319420
60287642
60224144
57403023
60288794
60305526
60282470
60332200
60332910
60286112
59833037
59888981
59944576
60134261
60310167
60153213
60047373
59789253
60169905
60140681
59937044
60231484
60174723
60302675
60123161
60323161
60318227
60163789
60149056
60178092
60259308
60079569
60303167
60136105
60258532
60228315
59793372
60223340
60325121
60284368
60311938
60136165
60236944
60062918
60055729
60088863
60159253
60307423
60063319
60171086
60334444
60231997
60222160
60009892
60165158
60087499
60003206
60172270
60081120
60199682
60329658
60314245
60007758
60103683
59971146
60268905
60202269
60248370
60247297
60287235
60246091
60157576
60313988
59815104
60319881
59785940
60085732
60266358
60165670
60179165
60233883
60175929
60296765
60086652
59601637
60247941
60283924
60249481
60098472
60238484
60242969
60107888
60245188
60167105
60203672
60255309
60194067
60268098
60018870
60028396
59674540
60207086
60324908
60279418
60224039
60210069
60074189
60090658
60153910
60007237
59980373
60242315
60132578
60216803
60140440
60288938
59879509
60237831
60251897
60028331
60069424
60123239
60074909
59839319
59592690
60030722
59951679
60039303
60241220
60321371
60196544
60331833
60030047
60206992
60177145
60303590
60302372
60257281
60309276
60287192
60304009
60230822
60217420
60245974
59856406
60292342
60220785
60328367
60169384
60293095
60333101
60173069
60170432
60165233
60173274
60282214
60296270
60251618
60263915
60312352
60236307
60230821
60069329
60262179
60186246
60134682
60290486
60326286
60079767
60178033
60297488
60304138
60275144
60063803
60289564
60302781
60191571
60283061
60178107
60208315
60129939
60248173
60254853
60140351
60201419
60225108
60300880
60133641
60221226
60291013
60103795
60160409
60267772
60129722
60298111
60287771
60298627
60264744
60198630
60231316
60202983
60316514
60171567
60312476
60238668
60305073
60296252
60258015
60189922
60334665
60278960
60140897
60244793
60176097
60228920
60033502
60115728
60244765
60300922
60246235
60256315
60053236
60296830
60305184
60097575
60190711
60269755
60314083
60331372
60264679
60291385
60223546
60226222
60264015
60219340
60292060
60236110
60310132
60216612
60292999
60140742
60259983
60291694
60336167
60213412
60046171
60202462
60037210
60212062
60054659
60277447
60052396
60259211
60336726
60269509
60145602
60169571
60125086
60017637
60287013
60160686
60226573
60213256
60301412
60299587
60309869
60169349
60276058
60111758
60271470
60062990
60223062
60321102
60227710
60228212
60324090
60337092
60225091
60295797
60297260
60052625
60217286
60313459
60307404
60313742
60003562
60332865
60278200
60242269
60258317
60147530
60202159
60304916
60272873
60255663
60237558
60223819
60300981
60239371
60058153
60146012
60045122
60226913
60289342
60310793
60248152
60292718
60293386
60202778
60159120
60105234
60189452
60186958
60306055
60187203
60263038
60319989
60115906
60299976
60150379
60073719
60065727
60199870
60037547
60181371
60334635
60120729
60291975
60205715
60200380
60164662
60201156
60218356
60316434
60236084
60214242
60173910
60259550
60290196
60321669
60248522
60195938
60159728
60187690
60256723
60335323
60255097
60317721
60258956
60250891
60333772
60331736
60260285
60330474
60045343
60280716
60213603
60168285
60174416
60310453
60110419
60329065
60334647
60333960
60174633
60332582
60297686
60142266
60332582
60297686
60142266
60224216
60332169
60292301
60302733
60258746
60232820
60263847
60275154
60224004
60172856
60258965
60198307
60313400
60224279
60329133
60232480
60265620
60231508
60331610
60265252
60237173
60329085
60264817
60180721
60283275
60328757
60294331
60173426
60261824
60189802
60321699
60215771
60278120
60228129
60303144
60325055
60310462
60209422
60176486
60288430
60294740
60169449
60236673
60335125
60228357
60172882
60268674
60287228
60296126
60224632
60210927
60189151
60225776
60277470
60309336
60334613
60286919
60250394
60264676
60265000
60309307
60271654
60316233
60246732
60289783
60297474
60226427
60184950
60315554
60237234
60221783
60236086
60180775
60168687
60246972
60270362
60288828
60210260
60182072
60228646
60222884
60335112
60263028
60181763
60333726
60316319
60306250
60256783
60262890
60267440
60196157
60315786
60245655
60202580
60328089
60330650
60301425
60217117
60333207
60292155
60331957
60332907
60284216
60269893
60308024
60285394
60209766
60172499
60278449
60305605
60320189
60276837
60271940
60172741
60252540
60244094
60189434
60254012
60332489
60319694
60218603
60334494
60222016
60225185
60188367
60324796
60186809
60213994
60289577
60191095
60292055
60315996
60180828
60251701
60284965
60221359
60267019
60322720
60326294
60226868
60290416
60262130
60209486
60334328
60246849
60226426
60294687
60217410
60309695
60296472
60265862
60231573
60271310
60240647
60201017
60234564
60312017
60297378
60245011
60291766
60263094
60295575
60333847
60288630
60286635
60292108
60195031
60294602
60240055
60329586
60241841
60295500
60303596
60268544
60241063
60303213
60245140
60312201
60266522
60336958
60276084
60279513
60313876
60307558
60237123
60235782
60324877
60237907
60307429
60190178
60267748
60264541
60329629
60280123
60264717
60307460
60261434
60236517
60234122
60293461
60264395
60298827
60301345
60331704
60255852
60241539
60279462
60264905
60322507
60231541
60294934
60229837
60275584
60328792
60201373
60293472
60267286
60334544
60328008
60285809
60235412
60320987
60240540
60329055
60316110
60205068
60274194
60315973
60236432
60236287
60300637
60327890
60227691
60313122
60326373
60268794
60282115
60311721
60259766
60273792
60294547
60306233
60297599
60272216
60263190
60312916
60253801
60235036
60319592
60238110
60317135
60243963
60187078
60185025
60320093
60295384
60236394
60335555
60218777
60189855
60232153
60312758
60279391
60317714
60333171
60331858
60251522
60278247
60232513
60293296
60313042
60313957
60235842
60279908
60273015
60201454
60273773
60320133
60285694
60262418
60284402
60264105
60271865
60260224
60324363
60257834
60268822
60295686
60281611
60278000
60330404
60253666
60324251
60307331
60257252
60328990
60303237
60236082
60301512
60269890
60300761
60332834
60336557
60294575
60307196
60236269
60237762
60260177
60297464
60324955
60192719
60305963
60256166
60266271
60274952
60256146
60315857
60336139
60287570
60276315
60228176
60299840
60274520
60325997
60286421
60262665
60283695
60256325
60293178
60237651
60309637
60245871
60238979
60274514
60296035
60245642
60259229
60274873
60267575
60270786
60293224
60252498
60297731
60325399
60229709
60328050
60313511
60278874
60313867
60277202
60300546
60237068
60282556
60250862
60273514
60300446
60282793
60255826
60306793
60279403
60283739
60264701
60327974
60306458
60309392
60231460
60243356
60312821
60295341
60288303
60300974
60318207
60235583
60280298
60324237
60256760
60283868
60293693
60330256
60263315
60289597
60289376
60286834
60273677
60329639
60260391
60210921
60301095
60280032
60312156
60320560
60270299
60309984
60228309
60274024
60257167
60327985
60241635
60270222
60277350
60211987
60320944
60255799
60237381
60279963
60277791
60304480
60271122
60307744
60261473
60335723
60319368
60234430
60290464
60290110
60253378
60292129
60238640
60282535
60228549
60278977
60312420
60336150
60247591
60300812
60279133
60317816
60322486
60226894
60274986
60282406
60257024
60296489
60247910
60305446
60243811
60277486
60301021
60240015
60255015
60273000
60274220
60289430
60277169
60296425
60235532
60284069
60282110
60227032
60285314
60278454
60275396
60239860
60243958
60310509
60242390
60248471
60310509
60242390
60248471
60260227
60310168
60269948
60241341
60282482
60286944
60275766
60275766
60283981
60254808
60305110
60334551
60324946
60244778
60303309
60292984
60236615
60236615
60255776
60270167
60257964
60245297
60254153
60299077
60264256
60264769
60264902
60284065
60254033
60274326
60297655
60258395
60325980
60276344
60257312
60264158
60322746
60322746
60252375
60296111
60247819
60270689
60298835
60319344
60274809
60252298
60309574
60326320
60318295
60247460
60280358
60303692
60256758
60298575
60282796
60273389
60327217
60259668
60322913
60272679
60241826
60265711
60201552
60252981
60236672
60233464
60274513
60289946
60275775
60308587
60291817
60279062
60282255
60305108
60256257
60328300
60280838
60291338
60282746
60322552
60237586
60258763
60331814
60234606
60266984
60255243
60297619
60303381
60237147
60283651
60236461
60306673
60259296
60325394
60332516
60289080
60315879
60275038
60305499
60312774
60281786
60282586
60231623
60268147
60264373
60323619
60292046
60287727
60301089
60291768
60331918
60327956
60334752
60266548
60309824
60294939
60296552
60334271
60312753
60227237
60277235
60279116
60293522
60298190
60282854
60243509
60327962
60327159
60295467
60271597
60320297
60307208
60276144
60267614
60278839
60263856
60254250
60313405
60289292
60260341
60262687
60335402
60335742
60318555
60263316
60285465
60290219
60314365
60327402
60272466
60247939
60306071
60307213
60336098
60310532
60261038
60241704
60238323
60305630
60286088
60296626
60307188
60334452
60268847
60263022
60262852
60266977
60293056
60303355
60262457
60290388
60256533
60262763
60292878
60263581
60325417
60314424
60275097
60279347
60286496
60302788
60255322
60288740
60287053
60301831
60268612
60261880
60312339
60279808
60232894
60280905
60316246
60299049
60267803
60301514
60276192
60278366
60281460
60290612
60277054
60282787
60302533
60283525
60271072
60255039
60298739
60312310
60310761
60271786
60262236
60292421
60276637
60283649
60236184
60283745
60285124
60262926
60335905
60276222
60273501
60290716
60286833
60304834
60276781
60334448
60302300
60322540
60230706
60288677
60286670
60276128
60286884
60279205
60259468
60262499
60279636
60284321
60262541
60260588
60318924
60292076
60290070
60258073
60279293
60296162
60276041
60291106
60298454
60305769
60260708
60255518
60256020
60278305
60270998
60304322
60281141
60303776
60299859
60262536
60251708
60316643
60265957
60256359
60278441
60286701
60309300
60301782
60295178
60271557
60322752
60288747
60288267
60298344
60322799
60277309
60284025
60261656
60294439
60269107
60259848
60317564
60267984
60276713
60305025
60323848
60321607
60255532
60298196
60335975
60256369
60289840
60262616
60264028
60288360
60264156
60289344
60286782
60288625
60297165
60333457
60294628
60241454
60312437
60316594
60256355
60335709
60262568
60335474
60333108
60301040
60313611
60275994
60297916
60266821
60288752
60271081
60321716
60289247
60283898
60257165
60242272
60272737
60261103
60266832
60251816
60321209
60266549
60335081
60300614
60305920
60295967
60300241
60275473
60289096
60276596
60284301
60296581
60304163
60255003
60258689
60304152
60290377
60245052
60326137
60322487
60287258
60310700
60262936
60290234
60289649
60286321
60300436
60283964
60308125
60266085
60310054
60276669
60275602
60276524
60256690
60336218
60269084
60334792
60314493
60281521
60263146
60251529
60288343
60263456
60333848
60324639
60308680
60289062
60295866
60334512
60311375
60326267
60258397
60274577
60290213
60274791
60314013
60304851
60259265
60306424
60303871
60283663
60301580
60293786
60297758
60264802
60256740
60272923
60303754
60292303
60262645
60254735
60282884
60313711
60257887
60279616
60285486
60315605
60300805
60286726
60261844
60275625
60303218
60331130
60301007
60314770
60305545
60309313
60311522
60256200
60301461
60336062
60282686
60321608
60325363
60296979
60311576
60336261
60336120
60336350
60337169
60337285
60215814
60069562
60263161
60263631
60160130
60172163
60297436
60235277
60275188
60323810
60141052
60318343
60309672
60244769
60216322
60149732
60306061
60262822
60246483
60181632
60308850
60237845
60203009
60264772
60205262
60245237
60216581
60282339
60217854
60331029
60292595
60229799
60170519
60214185
60333465
60193686
60328280
60223540
60265568
60315461
60262596
60323632
60275324
60237756
60251523
60257071
60263430
60326223
60259939
60239664
60316272
60306027
60267860
60251437
60304743
60279041
60293715
60252878
60280100
60282647
60322417
60275190
60315648
60282645
60196085
60163912
60293106
60306329
60246959
60281964
60262493
60166405
60211414
60246848
