60460562
60482292
60491420
60427632
60508664
60510855
60404710
60505597
60484921
60489951
60475500
60484621
60516661
60494567
60501545
60474449
56603414
60498027
60513289
60501532
60421845
60484981
60480665
60498099
60442671
60500891
60507746
60455094
60421878
60491152
60506985
60373102
58651469
60422742
60471235
60439883
60493332
60507455
60475441
60485981
60509969
60500829
60483501
60501417
60499410
60462661
60451678
60203530
60415482
60507226
60442265
60487158
60445078
60493326
60493898
60015000
60493476
60132845
59683661
60483416
60490907
60444596
60517601
60505684
60366896
60414817
59126839
60487204
60501408
56644170
60417662
60436643
60476087
60492428
60506032
60493886
60501233
60439037
60504856
60519860
60448678
60427824
60459221
58934551
60510720
60477311
60482435
60478600
60493345
60417049
60480682
56607956
60493327
60417315
60435145
60497199
60258532
60482974
60400419
60514656
60220785
60513824
60509010
60484573
60409739
60419612
60438963
60484157
58939361
60493555
60497914
60495327
58808657
60500273
60433391
60482812
60477246
60474971
59139704
60476303
60433236
60466997
60160711
60474346
57872563
59531126
60361810
60412767
60441024
60463082
60478548
60385435
60475030
60489884
60467463
60492337
60383315
60521618
60508516
60480705
60422918
60514134
60519022
60520490
55803395
60486536
60472791
60498149
60341661
60438338
60504129
60522470
60504615
60481350
60381463
60505443
60494775
60123239
60320979
60516666
60346671
60417869
60401637
60515380
60501293
60486066
60495865
60507513
60422053
60488427
60421467
60470937
59604721
60489080
60491234
60442463
60492433
60522175
60300922
59248677
60431595
60361994
60395337
60471687
60507675
60478568
60518088
60482265
60516767
60510470
60372986
60461424
60422632
60470850
60451409
60512062
60476024
59449550
60513239
60486074
60494449
60230821
60348508
60448115
60445954
58886089
60414813
60490802
60431255
60418572
60462834
60430373
60172856
60491402
60459511
60444045
60421072
60484866
60465749
60438694
60457443
60511027
60493837
60464731
60483989
60486599
60473687
60402841
60498565
60412957
60516527
60481133
60495472
60464202
60444117
60493433
60468296
60439765
60491024
56805185
60503114
60504077
60458980
59162332
60147398
60509335
60467620
60425420
60449713
60502052
60468624
60320189
60520518
60505230
60486318
60449886
60451078
60501583
60458354
60494285
60386108
60489362
60466097
59407381
60382035
60505466
60517140
60511774
60447488
60480145
60492934
60521661
60306219
60475927
60496432
60485781
60452586
60364910
60492281
60030047
60509132
60459704
60430786
60468931
60494174
60509214
60414516
60448828
60490285
60447984
60508328
60482940
60446406
60432124
60480279
60420277
60475626
60465935
60289377
58448858
60508712
60196121
60495241
60490239
60393318
60511830
60480472
60512572
60478187
60397171
60495788
60446824
60418280
60413372
59879525
60501422
60510893
60313988
60509730
59706832
60439872
60506653
60405731
60495249
60070052
60439010
60495392
60480336
60400765
60513357
60495445
60410523
60383923
60493832
60472504
60499022
60513909
60403824
60477120
60451605
57428419
60435393
60488610
60495082
60511442
60393881
60069562
60486687
60477306
60411457
60284965
60411643
60404808
60263581
58907401
60497722
60419981
60422240
60482841
60502994
60474630
60471310
60480050
60423926
60493001
57196670
60328008
60502098
60396721
60483969
60403952
60510734
60429988
60224144
60473948
60417424
60480916
60296270
60491394
60522439
60492899
60393384
60407490
60410745
60486716
60488183
60449143
60434040
59590875
60408672
60495536
60501920
60488789
60418627
60485895
60475928
60485412
60340496
60477425
60500806
60486151
60502053
60508808
60391995
60515636
60474858
60506897
59548576
60442359
60466893
60492675
60477122
60420688
59053395
60488747
60521167
58194725
60455170
60430876
60159351
60503907
56547797
60395036
60485451
60420139
60493375
60395438
60504903
60449281
60475515
60352521
60515181
60489003
58850010
60501060
60399085
56600653
60520434
60231900
60474183
60405272
60491385
60486514
60421813
60467610
60476373
60494729
60420856
60517513
60504882
58413335
60510427
60434126
60454158
60394867
59377330
60488879
60516572
60521153
60393536
60447472
60385668
60489123
60464317
60383521
60487730
60505199
60496003
60490921
60499914
60471995
60282535
60471437
60511689
60492890
60407319
60468083
60474600
60377046
60468669
60399461
60501126
60506773
59947050
60511494
60175395
60518233
60497046
60522548
60415392
60394055
60173203
60511553
60480448
60483124
60413482
60458737
60445853
60478768
60496155
60490135
60454973
60469780
60430787
60514467
60197159
60177145
60521781
60419434
60496056
60467079
60508647
60518960
60474956
60470914
60436253
60510735
60498091
59022285
60486529
60473228
60512472
60450816
60508851
60484420
60433395
60290742
60507764
60505803
60356066
60478397
60477211
60502870
60521625
60413931
60370793
60403888
60303167
60472783
60490312
60382791
60496900
60483076
60492355
60443833
60406522
60434592
60417993
60284368
60170432
60425003
60430568
60476834
60484894
60513208
60429174
60518538
59709307
60478437
60373708
60421854
60478401
60494619
60490690
60474164
60496477
60431063
60314237
60501275
60439888
60433324
60511606
60297108
60484700
60480866
60506854
60435660
60413195
60300974
60353995
60383347
60486643
60496807
60399589
60494353
60444773
60425583
60334665
60157576
59975687
60486875
60469053
60442685
60497022
60460451
60510095
60522920
60200353
60304916
60499326
60488737
60231484
60509458
60481270
60493290
60515927
60499220
60481163
60503335
60511459
60501204
60459411
60482560
60514250
60446341
60439576
60226573
60480969
59372522
60447105
60512886
60477880
60506901
60463998
60379797
60473885
60474911
60461910
60513250
60489288
60395488
60495062
60483205
60505249
60503388
60482601
60492480
60442497
60467452
60480678
60499636
60508403
60503751
60474520
60512830
60387909
60459170
60522450
60461775
60287013
60488031
59032127
60506288
60514462
60512546
60478754
60486041
60358895
60474994
59454658
60509230
60483412
60495631
60491269
60509990
60508742
60463231
60504614
60476877
60488636
60468038
60245974
60485987
60481661
60450104
60298111
60511519
60474817
60443187
60504891
60490234
60482651
60503736
60403316
58583081
59842700
58589924
60467254
60492342
60476891
60503803
60480156
60399053
60513299
60348639
60128380
60482800
60443311
60422786
60507022
60493618
60478957
60467809
60316514
60419355
60401741
60481016
60495376
60482390
60475101
60514494
60442131
60449995
60504874
60426265
60505570
60493491
60399313
60447280
60485916
60437507
60450660
60494575
60510575
60494671
60513129
60474617
60488902
59671475
60481689
60485679
58548840
60519102
60484615
60519891
59414303
60506750
60493000
60456574
60415771
60323763
60480043
60412990
60485624
60475017
60420800
60443004
60521892
60503520
60481098
60493240
60407180
60521649
60468200
60502061
60492547
60453315
60446667
60475959
60414122
60451208
60497945
60518331
60441167
60434549
60358141
60427045
60505866
60479880
60446273
60480731
60487341
60438566
58766014
60469773
60477988
60426836
60509390
60517593
60453227
60487448
60485572
60507761
60495492
60485296
60228315
60389891
60477905
58803466
60478856
60433602
60515482
60494558
60446662
60508380
60420083
60479992
60506936
60415847
60224596
60499939
60477801
60503919
60514110
60516246
60504921
59678856
60490345
60497606
60480579
60392978
60505881
60405568
60475705
60497978
60509272
59790231
60418838
60478387
60514237
60431857
60493498
60519968
60446322
60506864
60403934
60488087
60349426
60499559
60518932
60491417
60431975
58990268
60397608
60347672
60405343
60475920
60475977
60494674
60509497
60461031
60474747
60480702
60459451
60479989
60495564
60440375
60477942
60481068
60080098
60475229
60430848
60399300
60478775
60494585
60509148
60494659
60422151
60519149
60495701
60385585
60503017
60508505
59480759
60512928
60490842
60512764
60473613
60516582
58841079
60400049
60507840
60474260
60512805
60474436
60416784
60357001
60517639
60397547
60503303
60486978
55859484
60439016
60450421
60443559
60499550
60425899
60489949
60505195
60484917
59460509
60442559
60484903
60519237
60494847
60508540
60492536
60504051
60405138
60484841
60495438
60499901
60487302
60495007
60362502
60508860
60391987
60500261
60463947
60483443
60502973
60483427
60359242
60294028
60507067
60491278
60477453
60493187
60521877
60489370
60398029
60460853
60501582
56784104
60510801
60473764
60444605
59500694
60410621
60478770
60440851
60479265
58835321
60513919
60451453
60457175
60497243
60405384
60386020
60478698
60434913
58975682
60447923
60509003
60505028
60512698
60475461
60402980
60461534
60454147
59010202
60477154
60478287
60498592
60438869
59312708
60474880
60431733
60505244
60411884
60519788
60497553
58244213
60492174
59509220
60439301
60286527
60507080
60314085
60519255
60439654
60511764
60456865
60407406
59579368
60442376
60475161
60141600
60490104
60515396
60493053
60357170
59012074
60521555
60490691
60501751
60487621
60469030
60473286
60434053
60410492
60486200
60507460
60467720
60503491
60489560
60494796
60262890
60494969
60476411
60522540
60034026
60436473
60493307
60499597
60405168
60494106
60505897
60483300
60431533
60491072
60495911
60457697
60456831
60517435
60477126
58836953
60508807
60486079
60501596
60467744
60443237
60493743
60491798
60475810
59654564
60419723
60496903
60504769
57227329
60515506
60417367
60491054
60458628
60510424
60245700
60446716
60514583
60523185
60516571
60245285
60497006
60460716
59671717
60482525
60504705
60444137
60473678
60523005
60413128
60502070
60283924
60490304
60458569
60462907
60500871
60418640
60467866
59129881
60450163
60493716
60225108
60438060
59640273
60486777
60433645
60487935
60475986
60513256
60373611
60490996
60491438
60427905
60391314
60499002
60517267
60446444
60421802
60486650
60500205
60503393
60436260
60488678
60418676
60381864
60482731
60477061
60495452
60494883
60464273
60405188
60488480
60502255
60489871
60341579
60493196
60347391
60505259
60476015
60483727
58841965
60469014
60419735
60506069
60522257
60518892
60492548
59892147
60454006
60489763
60512832
59646265
58157662
60460407
60430345
60493207
60514506
60499466
60451557
60487760
60495408
60504137
60468043
60465037
60497099
59006452
60421487
60345593
60430870
60394799
60414199
60492169
60501617
60375326
60478631
60478590
60410788
60403503
60424357
60513134
60475898
60301817
60425291
60474878
60485617
60223340
60489078
60475826
60432021
60483001
60508890
60445945
60419909
60493410
60510954
60472726
60442340
60432034
60453354
60486704
60447308
60440295
60427454
60500009
60508336
60515198
60488625
60369004
58587797
60443416
59095875
60475311
60510588
60521846
60483797
60505891
60496532
60432452
60457455
60507353
60499156
60442777
60474320
60513666
60501291
60421939
60401952
60505471
60431399
60437399
58040389
60511868
60521634
60491352
60192945
60478566
60483589
60459167
60378610
60421391
60390484
60502359
60507730
60499990
60493621
60452822
60499757
60510752
60515599
60498842
60490240
60481040
60475273
60412578
60480116
60510023
60408748
60211097
60422020
60476504
60380887
60507089
60415732
60502940
60505257
60501219
60497963
60417724
60493766
60518372
60474061
60485128
60513985
60482645
57963911
60485038
60408494
60438434
60488246
60523097
60465291
60491188
60482742
60357043
60511942
60476912
60469563
60499566
60465496
60491260
60516772
60430933
59856555
59958038
56571343
60503628
60456975
60423390
60495904
60455619
60385967
60485783
58980784
60474877
60412974
60443453
60493450
59678911
60520665
60257281
60477293
60520953
60434708
60496045
60442238
60454888
60409736
60502690
60501639
57650271
60408831
60449554
60437243
60508809
59353212
60391357
60424239
60467849
60497118
60419520
60464372
60413679
60511772
60510579
60347113
60458211
60519241
60506268
60122410
60477173
60508645
60486675
60475107
60475569
57598019
60465486
60435802
60483465
60481451
60263915
60174723
60492522
60512207
60458019
60478262
60453033
60391356
60474786
60445683
57403023
60442150
60287968
60512837
60488756
60419753
60493372
60395609
60480860
60438183
60485280
59380794
58816075
60215017
60431310
60482602
60410254
60481647
60496451
60481229
60475857
60510378
60486658
60510939
60363374
60482418
60431559
60493312
60399624
60478788
60434772
60413222
60449803
60392314
60404186
60418475
60344542
60407334
60451290
60446181
58800796
60450464
60436711
60497908
60505073
60513394
60485659
60446582
60433207
58727257
60463932
60426472
60495336
60458713
60393632
58517683
60417922
60474527
60476114
60345456
60471856
60490960
60385438
60297488
60481525
60448003
60406272
60514402
60488572
60444224
60329658
55804247
60474581
60489025
60441935
60498877
60512732
60479751
60502955
60441658
60421738
60497020
60507487
60514172
60480380
60492709
60478224
60419693
60450479
60426630
59576206
60501093
60510401
56020124
60488112
60500026
60385568
60463540
60410342
60484926
60520291
60431922
60520529
60377492
60427448
60383902
60433075
60483336
60499582
60490764
60483643
60433636
60450603
60482567
60411084
60472867
60447213
60474559
60290390
60483361
60515480
60386424
60510460
60141462
60462402
59491982
59057743
60465323
60503144
60466702
60500418
60475187
60507622
60448847
60503021
60405650
60435711
60394312
60469333
60355413
60503621
60510616
60435317
60510436
60390596
60401190
60481874
60517618
60476298
60485535
60510441
60477981
60492499
60449417
60291013
60452276
60489925
60491442
58050430
59291526
60478676
60495606
60506732
60511482
60485069
60471262
60474531
60383915
60416607
60486565
60494910
60495300
60491894
60459519
59905880
60453947
60507200
60449964
60461924
60484125
60492718
60467038
60490786
60353534
58989147
58053922
60522940
58261568
59008544
60499973
60445706
60476607
60460435
60472207
59941341
60483612
60507192
60437904
60483185
60474897
60377373
60495205
60485319
60238484
60335402
60500210
60401891
60435410
60489766
60460076
60435016
60480328
60492282
60408696
60453594
60488446
60502804
60473988
60446337
60460307
60460562
60482292
60491420
60427632
60508664
60510855
60404710
60505597
60484921
60489951
60475500
60484621
60516661
60494567
60501545
60474449
56603414
60498027
60513289
60501532
60421845
60484981
60480665
60498099
60442671
60500891
60507746
60455094
60491929
60386079
60483295
60441854
60435062
60441716
60511496
60421948
60443255
60506067
60251897
59470643
60421722
59695042
60487553
60474282
60441683
60254853
60397431
60512347
60519980
60521629
60424971
60443260
60418503
60378713
60489582
60287235
60491377
60421878
60491152
60506985
60373102
58651469
60422742
60471235
60439883
60493332
60507455
60475441
60485981
60509969
60500829
60483501
60501417
60499410
60462661
60451678
60203530
60415482
60507226
60442265
60487158
60445078
60493326
60480495
59512663
60477831
60511742
60299186
60503051
60268905
60470405
60485658
60475354
59334959
60495610
60497087
60510142
60494740
60484733
60200404
60489128
60436397
60499975
60454794
60474931
60345166
60505676
60021370
60477228
60523115
60474549
60493898
60015000
60493476
60132845
59683661
60483416
60490907
60444596
60517601
60505684
60366896
60414817
59126839
60487204
60501408
56644170
60417662
60436643
60476087
60492428
60506032
60493886
60501233
60439037
60504856
60519860
60448678
60427824
60459221
58934551
60510720
60475807
60484535
60487997
60511672
60522539
60495485
60452165
60395852
60481278
60479905
60454779
60521919
60457992
60514543
60490912
60454162
60510265
60508464
60440062
60486726
60454037
60496974
60487779
60424121
60477039
60506722
60508784
60307405
60436419
60488967
60481693
60477311
60482435
60478600
60493345
60417049
60480682
56607956
60493327
60417315
60435145
60497199
60258532
60482974
60400419
60514656
60220785
60513824
60509010
60484573
60409739
60419612
60438963
60484157
58939361
60493555
60497914
60495327
58808657
60500273
60433391
60482812
60477246
60474971
60420436
60488614
60418675
60271232
60510506
60499995
60493671
60488817
60511628
60446577
60417455
60379820
60395280
60474894
60477287
60474813
60476886
60521196
60499477
60472387
60508526
60501152
60411180
60391173
60518949
60495221
60421954
60462778
60502868
60443862
60499642
59139704
60476303
60433236
60466997
60160711
60474346
57872563
59531126
60361810
60412767
60441024
60463082
60478548
60385435
60475030
60489884
60467463
60492337
60383315
60521618
60508516
60480705
60422918
60514134
60519022
60520490
55803395
60486536
60472791
60474615
60498359
60505893
60056532
60440039
60400545
60457964
60442714
60514241
60496932
60474914
60510264
60484932
60411325
60459186
60435884
60501444
60475506
60477322
55813943
60454799
60431440
60462315
60425776
60485688
60493745
60343183
60515085
60486054
60517223
60498149
60341661
60438338
60504129
60522470
60504615
60481350
60381463
60505443
60494775
60123239
60320979
60516666
60346671
60417869
60401637
60515380
60501293
60486066
60495865
60507513
60422053
60488427
60421467
60470937
59604721
60489080
60491234
60493047
60469753
60516751
60514308
60502706
60493677
60435453
60380899
60435269
60488785
60457602
60442749
60487575
60317550
60523216
60515758
60311028
60512977
60522514
60337092
60357346
59706932
60452925
60371480
60490909
60443132
58827551
60483206
60489950
60414750
60389156
60497567
60442463
60492433
60522175
60300922
59248677
60431595
60361994
60395337
60471687
60507675
60478568
60518088
60482265
60516767
60510470
60372986
60461424
60422632
60470850
60451409
60512062
60476024
59449550
60513239
60486074
60494449
60230821
60348508
60448115
60445954
58886089
60452527
60420222
60487458
60487068
60313400
60492566
60439544
60506256
60478488
60506765
60396222
60483752
60509033
60522388
58779736
59635697
60498034
60520546
60405732
57400276
60296162
60484646
60419536
60463755
60489744
60482327
60435592
60292342
60441553
60521793
60414813
60490802
60431255
60418572
60462834
60430373
60172856
60491402
60459511
60444045
60421072
60484866
60465749
60438694
60457443
60511027
60493837
60464731
60483989
60486599
60473687
60402841
60498565
60412957
60516527
60481133
60495472
60464202
60486527
60393215
60401108
60423039
60502225
60422625
60413673
60435172
60476308
60491404
60354273
60440162
60410836
60305184
60387801
60509195
60440440
60471142
60501990
60313974
59783864
60455128
60490568
60417106
60487599
60437927
60445395
58653772
60515552
60444117
60493433
60468296
60439765
60491024
56805185
60503114
60504077
60458980
59162332
60147398
60509335
60467620
60425420
60449713
60502052
60468624
60320189
60520518
60505230
60486318
60449886
60451078
60501583
58728127
60481813
60440415
60324908
60474430
60491542
60435752
59900236
60483921
60435428
59099405
60497249
60387394
60489700
60456398
60508821
60442228
60411471
60510476
60519909
60445054
60450487
60501653
60505951
60420038
60467639
59004969
60446035
60437590
60446811
60443316
60458354
60494285
60386108
60489362
60466097
59407381
60382035
60505466
60517140
60511774
60447488
60480145
60492934
60521661
60306219
60475927
60496432
60485781
60452586
60364910
60492281
60030047
60509132
60459704
60430786
60468931
60494174
60509214
60414516
60448828
60490285
60403879
60497924
60461122
60518079
60381573
60502075
60486566
60416857
60425836
60440473
60469880
60430742
60446475
60415618
60409048
60492832
60085732
60517613
60380842
60507552
60375471
60390697
60481478
60488002
60451086
60480882
60447984
60508328
60482940
60446406
60432124
60480279
60420277
60475626
60465935
60289377
58448858
60508712
60196121
60495241
60490239
60393318
60511830
60480472
60512572
60478187
60397171
60495788
60446824
60418280
60413372
59879525
60501422
60510893
60313988
60509730
60464290
60487810
60446983
60477580
60481698
60420862
59428730
60436281
60507197
60403409
60518452
60458828
60484132
60481215
58919765
60489747
60514490
60510288
60362294
59806166
60414323
60467638
57957529
60518455
60507618
60475911
60454793
60513335
60448083
60477515
60324332
60490106
59706832
60439872
60506653
60405731
60495249
60070052
60439010
60495392
60480336
60400765
60513357
60495445
60410523
60383923
60493832
60472504
60499022
60513909
60403824
60477120
60451605
57428419
60435393
60488610
60495082
60511442
60393881
60069562
60486687
60477306
60411457
60284965
60506951
60514997
60459005
60252023
60497446
60438514
60300880
60478276
60405889
59000836
60494438
60510377
60506616
60492838
60492487
60499867
60373020
60432459
60490980
60456767
60499317
56550813
60437341
60428925
60512170
60519749
60388792
60492101
60504500
60475425
60411643
60404808
60263581
58907401
60497722
60419981
60422240
60482841
60502994
60474630
60471310
60480050
60423926
60493001
57196670
60328008
60502098
60396721
60483969
60403952
60510734
60429988
60224144
60473948
60417424
60480916
60296270
60491394
60522439
60492899
60479775
60505326
60519444
60513723
60472024
60354844
60483005
60493574
60333101
60486352
60480872
60509275
60245188
60497533
60376370
60495186
60500282
60484064
60347811
60353133
60467469
60429456
60251656
60477294
60483488
60497667
60412846
60506620
60477754
60511886
60513042
60475111
60393384
60407490
60410745
60486716
60488183
60449143
60434040
59590875
60408672
60495536
60501920
60488789
60418627
60485895
60475928
60485412
60340496
60477425
60500806
60486151
60502053
60508808
60391995
60515636
60474858
60506897
59548576
60442359
60510760
60464912
60405212
59603024
60388235
60448309
60451285
60489909
59714642
60243682
60479175
60487970
60487449
60444517
60438500
60515240
60488078
60511622
60520324
60486211
60517077
60399332
60339990
60355906
60487221
60485359
60346757
60454630
59500067
60466893
60492675
60477122
60420688
59053395
60488747
60521167
58194725
60455170
60430876
60159351
60503907
56547797
60395036
60485451
60420139
60493375
60395438
60504903
60449281
60475515
60352521
60515181
60489003
58850010
60501060
60455258
60505023
60432180
58836840
60437615
60266977
60263038
60504575
60499928
60468105
60493436
60434739
60506350
60194067
59940236
60441704
60488715
60477675
60491700
60514576
60507843
60501973
60523069
60512306
57989272
60474742
60469188
60383939
60399085
56600653
60520434
60231900
60474183
60405272
60491385
60486514
60421813
60467610
60476373
60494729
60420856
60517513
60504882
58413335
60510427
60434126
60454158
60394867
59377330
60488879
60516572
60521153
60393536
60447472
60385668
60489123
60464317
60403962
60517195
60433463
60514103
60464196
60481410
60501220
60516832
60479908
60444478
60492439
60510603
60501175
60514659
60471919
60475592
60477993
60429901
60485615
60495668
60482416
60503400
60506882
60490653
60492127
60458338
59146246
60497270
60411387
60407972
60383521
60487730
60505199
60496003
60490921
60499914
60471995
60282535
60471437
60511689
60492890
60407319
60468083
60474600
60377046
60468669
60399461
60501126
60506773
59947050
60511494
60175395
60518233
60497046
60522548
60415392
60394055
60173203
60487554
60493418
60515724
60515592
60515434
59659124
60506016
60483548
60173910
60497900
60483912
60296765
58729178
60504343
60473966
60496961
60503842
60478445
60490191
60477095
60457650
60047373
60396421
60473318
60520492
60468102
60371209
60497944
60511553
60480448
60483124
60413482
60458737
60445853
60478768
60496155
60490135
60454973
60469780
60430787
60514467
60197159
60177145
60521781
60419434
60496056
60467079
60508647
60518960
60474956
60470914
60436253
60510735
60498091
59022285
60486529
60473228
60510187
60479316
60509045
60491289
60176269
60514728
60476738
60451109
59704601
60482244
60414662
60512175
60460340
60477643
60425800
60386076
60509443
60222160
60419429
60503054
60503013
60481152
60522167
60352992
60512193
60517583
60483254
60467430
60512472
60450816
60508851
60484420
60433395
60290742
60507764
60505803
60356066
60478397
60477211
60502870
60521625
60413931
60370793
60403888
60303167
60472783
60490312
60382791
60496900
60483076
60492355
60443833
60406522
60434592
60417993
60284368
60170432
60495238
59493116
60258776
60507531
60521607
60493029
60473259
60520620
60482834
60482919
60424882
60493919
60345917
60404351
60446370
58953350
60440109
60426901
60483383
58687825
60406114
60476745
60493901
60046900
60493310
60425003
60430568
60476834
60484894
60513208
60429174
60518538
59709307
60478437
60373708
60421854
60478401
60494619
60490690
60474164
60496477
60431063
60314237
60501275
60402649
60488894
60388089
60475967
60474277
60513726
60454101
60490735
60519152
60486179
60447775
60512743
56629267
60446501
60498568
60513249
60478897
59434050
60510768
60431069
60406566
60511655
60384831
60397778
60439888
60433324
60511606
60297108
60484700
60480866
60506854
60435660
60413195
60300974
60353995
60383347
60486643
60496807
60399589
60494353
60444773
60425583
60334665
60157576
59975687
60486875
60469053
60442685
60497022
60460451
59576376
60498348
60247297
60399275
60505735
60522783
60501310
60481241
60478596
60516497
60305073
60482884
60491271
60441709
60432524
60509036
60482909
60039325
60001749
60457879
60493347
60497201
60472400
60428345
60510095
60522920
60200353
60304916
60499326
60488737
60231484
60509458
60481270
60493290
60515927
60499220
60481163
60503335
60511459
60501204
60459411
60482560
60514250
60446341
60439576
60226573
60480969
59372522
60447105
60512886
60477880
60506901
60463998
60379797
60516682
60410897
60405810
60461754
60477270
60483215
60363862
59607449
60453939
60380782
60495487
60260728
60518762
60481018
60390665
60493213
60477409
60490432
60286088
60511508
60447719
60522122
60496534
60433939
60473885
60474911
60461910
60513250
60489288
60395488
60495062
60483205
60505249
60503388
60482601
60492480
60442497
60467452
60480678
60499636
60508403
60503751
60474520
60512830
60387909
60459170
60438856
60453375
60487131
60516490
60435327
60480527
60421756
60434249
60491039
60501821
60497341
60426435
60448156
60514198
60475448
57941322
60415423
60522450
60461775
60287013
60488031
59032127
60506288
60514462
60512546
60478754
60486041
60358895
60474994
59454658
60509230
60483412
60495631
60491269
60509990
60508742
60463231
60504614
60476877
60488636
60468038
60245974
60505777
60475052
56763027
60504712
60516427
60485111
60485747
60486682
60430690
60419571
60434626
60480754
60496996
60331810
60434481
60421088
60462516
60408457
60431245
60485987
60481661
60450104
60298111
60511519
60474817
60443187
60504891
60490234
60482651
60503736
60403316
58583081
59842700
58589924
60467254
60492342
60476891
60503803
60480156
60399053
60513299
60348639
60128380
60482800
60443311
60422786
60507022
60469486
60520596
60448251
60386793
60504126
60469288
60515158
60460567
60424034
60475237
60409564
60387233
60449316
60407960
60385128
60476858
60508322
60475149
60484404
60500102
60490066
60489571
60441194
60494037
60454107
60495012
60473827
60519123
60493618
60478957
60467809
60316514
60419355
60401741
60481016
60495376
60482390
60475101
60514494
60442131
60449995
60504874
60426265
60505570
60493491
60399313
60447280
60485916
60437507
60450660
60494575
60510575
60494671
60513129
60474617
60488902
59671475
60481689
60485679
60413780
58778214
58776416
60502056
60385473
60459181
60484628
59709925
60522332
60505787
59192352
60507269
60474674
60471380
60496921
60507681
60495676
60515118
60487422
60439631
57405431
60419748
60491102
60480119
60001503
60494680
60499110
60499777
58548840
60519102
60484615
60519891
59414303
60506750
60493000
60456574
60415771
60323763
60480043
60412990
60485624
60475017
60420800
60443004
60521892
60503520
60481098
60493240
60407180
60521649
60468200
60502061
60492547
60453315
60446667
60475959
60414122
60266358
60478599
60417270
60461743
60506843
60467574
60463048
60428861
60302372
60499346
60474480
60435378
60415765
59980373
60178092
60419341
60423523
59415021
60492707
60394774
60492045
60416672
58790817
60453830
60497539
60462706
58831918
60509618
60307404
60467847
60488716
60467288
60451208
60497945
60518331
60441167
60434549
60358141
60427045
60505866
60479880
60446273
60480731
60487341
60438566
58766014
60469773
60477988
60426836
60509390
60517593
60453227
60487448
60485572
60507761
60495492
60485296
60228315
60389891
60474678
60468457
60477488
60463800
60434091
60427622
60485340
60521038
60482421
56918275
60498190
60418527
60469177
60465723
60519882
60443766
60486664
56794445
60514598
60474908
60477905
58803466
60478856
60433602
60515482
60494558
60446662
60508380
60420083
60479992
60506936
60415847
60224596
60499939
60477801
60503919
60514110
60516246
60504921
59678856
60490345
60510981
60391704
59094364
60483049
60446595
60491399
60488218
60359120
60523165
60492964
60514151
60408035
60231997
60280226
60432099
60474066
60490717
60509658
60291121
60510167
60497606
60480579
60392978
60505881
60405568
60475705
60497978
60509272
59790231
60418838
60478387
60514237
60431857
60493498
60519968
60446322
60506864
60403934
60488087
60349426
60499559
60518932
60491417
60431975
58990268
60397608
60347672
60405343
60475920
60475977
60490874
58573543
60386905
60487094
60460829
60490303
60506082
60493121
60484156
60456437
60507755
60510697
60326286
60480132
60520338
60280298
60507546
60518053
59961978
60504978
60521799
58645195
60409847
60502787
60419052
60405787
60448536
60477489
60477897
60412195
60518472
60454155
60494674
60509497
60461031
60474747
60480702
60459451
60479989
60495564
60440375
60477942
60481068
60080098
60475229
60430848
60399300
60478775
60494585
60509148
60494659
60422151
60519149
60495701
60385585
60503017
60508505
59480759
60512928
60490842
60512764
60473613
60516582
58841079
58691790
60334633
60492182
60478970
60372314
60495636
59831293
60490880
60146316
60374214
60363670
60482793
60474438
56973565
60441650
60495605
60438188
60477267
60495488
60515173
60500172
56806549
60401388
60505308
60480169
60495647
60494920
60430331
60476408
60475427
60452715
60381308
60400049
60507840
60474260
60512805
60474436
60416784
60357001
60517639
60397547
60503303
60486978
55859484
60439016
60450421
60443559
60499550
60425899
60489949
60505195
60484917
59460509
60442559
60484903
60519237
60494847
60508540
60492536
60504051
60405138
60484841
60495438
60499901
60415532
60505895
60495305
59127066
60415931
60488090
60477607
60502950
59499069
60472569
60317709
60446426
60496183
60413908
60505340
60481291
60507857
60485550
60497666
60485450
60086631
60475163
60434132
60485298
60483289
60032899
60509020
59477437
58538196
60509955
60399210
59589241
60492911
60487302
60495007
60362502
60508860
60391987
60500261
60463947
60483443
60502973
60483427
60359242
60294028
60507067
60491278
60477453
60493187
60521877
60489370
60398029
60460853
60501582
56784104
60510801
60473764
60444605
59500694
60410621
60478770
60440851
60479265
58835321
60513919
60451453
60457175
60437390
60514319
60434570
60484943
60475364
60497291
60382363
60513344
60474988
58848425
60427082
60497767
60470742
60288938
60482199
60476531
60486615
60497030
60425208
60511717
59694255
60496175
60498172
60475400
60391500
60352884
60490703
60390619
60505709
60501301
60381764
60468440
60445179
60496030
60497243
60405384
60386020
60478698
60434913
58975682
60447923
60509003
60505028
60512698
60475461
60402980
60461534
60454147
59010202
60477154
60478287
60498592
60438869
59312708
60474880
60431733
60505244
60411884
60519788
60497553
58244213
60449635
60477363
59063281
60414381
60521813
60496156
60439175
60287474
60395258
60497990
60478431
60413282
60461726
60422095
60367455
60499250
60380605
60520320
60476801
60471912
60504409
60458837
60293474
57289891
60424675
60488271
60439166
60492174
59509220
60439301
60286527
60507080
60314085
60519255
60439654
60511764
60456865
60407406
59579368
60442376
60475161
60141600
60490104
60515396
60493053
60357170
59012074
60521555
60490691
60501751
60487621
60469030
60473286
60434053
60410492
60486200
60507460
60467720
60503491
60489560
60466047
60507596
60455103
60501248
60502152
60392366
60509982
60461469
60473464
60414883
60444311
58351109
60507020
60477854
60481543
56550705
58779297
60485421
60497103
60499560
60347350
60505553
60470101
60493117
60360005
60406764
60494796
60262890
60494969
60476411
60522540
60034026
60436473
60493307
60499597
60405168
60494106
60505897
60483300
60431533
60491072
60495911
60457697
60456831
60517435
60477126
58836953
60508807
60486079
60501596
60467744
60443237
60493743
60491798
60475810
59654564
60419723
60496903
60410651
58941848
60206992
60474804
60425145
60401903
60435218
60473951
60490097
60451762
60483192
60396802
60510687
60490436
60496037
60485576
60509463
60416017
60480365
60402977
60499816
60511518
60519779
60495507
60481055
60421482
60477574
60488836
60229852
60523083
60497170
60466634
60504769
57227329
60515506
60417367
60491054
60458628
60510424
60245700
60446716
60514583
60523185
60516571
60245285
60497006
60460716
59671717
60482525
60504705
60444137
60473678
60523005
60413128
60502070
60283924
60490304
60458569
60462907
60500871
60418640
60446646
60393915
60518199
60516743
60028396
60519016
60516673
60422397
60259211
60516698
60476753
60481279
60485750
60468228
60411148
58657028
60503257
60419451
60475813
58065631
60442547
60450746
60504021
60438519
60422697
60483134
60467866
59129881
60450163
60493716
60225108
60438060
59640273
60486777
60433645
60487935
60475986
60513256
60373611
60490996
60491438
60427905
60391314
60499002
60517267
60279418
60421851
60298627
60515284
60418003
60488568
60392021
60441070
60459366
60442983
60490033
60477944
60408184
60423946
60452115
60107888
60485270
60446244
60087801
56569397
58806220
60517602
60446444
60421802
60486650
60500205
60503393
60436260
60488678
60418676
60381864
60482731
60477061
60495452
60494883
60464273
60405188
60488480
60502255
60489871
60341579
60493196
60347391
60505259
60476015
60483727
58841965
60469014
60419735
60506069
60476386
60477743
60153910
59090000
60399023
60503365
60484812
60510661
60505802
60434276
60486034
60506874
60443968
60486670
60493140
60497875
60425580
60481502
60361962
60474634
60386652
60360609
60366986
60358747
60507018
59868057
60496196
60522257
60518892
60492548
59892147
60454006
60489763
60512832
59646265
58157662
60460407
60430345
60493207
60514506
60499466
60451557
60487760
60495408
60504137
60468043
60465037
60497099
59006452
60421487
60345593
60430870
60394799
60414199
60492169
60501617
60375326
60517250
60508999
60462142
60489092
60487057
60510861
60448516
60496991
60458860
60397515
60365212
60488961
60515522
60217420
60503117
60410380
60425551
60519715
60455760
60459910
60509060
60489068
60472234
60521220
56597113
60475233
56620856
60407231
60478631
60478590
60410788
60403503
60424357
60513134
60475898
60301817
60425291
60474878
60485617
60223340
60489078
60475826
60432021
60483001
60508890
60445945
60419909
60493410
60510954
60472726
60442340
60432034
60453354
60413387
60446212
60504088
60500504
56546200
60448496
60347769
56603213
59334269
60486525
60444578
60452630
60486304
60475198
60458889
60422709
60483034
60512197
60419071
60494424
60447153
60488630
60451346
60482267
60485434
60455039
60262179
60518913
60486704
60447308
60440295
60427454
60500009
60508336
60515198
60488625
60369004
58587797
60443416
59095875
60475311
60510588
60521846
60483797
60505891
60496532
60432452
60457455
60507353
60499156
60442777
60505367
60411591
60458950
60478434
59912671
56594113
60507412
60513059
60512152
59108860
60490631
60493370
60406724
60090658
60463345
60393212
60469684
58918611
60481246
60485358
60454307
60486480
60403319
60490249
60429976
59477532
60423930
60498323
60462604
60365694
60171086
60474320
60513666
60501291
60421939
60401952
60505471
60431399
60437399
58040389
60511868
60521634
60491352
60192945
60478566
60483589
60459167
60378610
60421391
60390484
60502359
60507730
60499990
60493621
60452822
60499757
60479385
60482342
60504729
60376305
60501453
60411849
60393962
60477742
60479925
60504912
60499941
60505294
60355960
60490401
60435081
60509288
60436081
60506966
60459885
60380361
60476355
60403518
60436500
60507578
60516185
60487457
60505616
60507628
60493358
60506025
60520943
60479899
60510752
60515599
60498842
60490240
60481040
60475273
60412578
60480116
60510023
60408748
60211097
60422020
60476504
60380887
60507089
60415732
60502940
60505257
60501219
60497963
60417724
60493766
60518372
60474061
60485128
60513985
60482645
57963911
60485038
60408494
60438434
58836406
60473800
60516206
60456639
60406289
57448628
60423558
59010804
60458783
60441851
60508509
60460241
60464065
60493581
60310167
60493670
60484006
60479821
60495861
60419163
60499147
60314080
60460904
60439373
60499152
60446540
60440387
60442057
60513127
60481843
60493707
60488246
60523097
60465291
60491188
60482742
60357043
60511942
60476912
60469563
60499566
60465496
60491260
60516772
60430933
59856555
59958038
56571343
60503628
60456975
60423390
60495904
60455619
60385967
60485783
58980784
60474877
60412974
60443453
60493450
59678911
60520665
60460562
60482292
60491420
60427632
60508664
60510855
60404710
60505597
60484921
60489951
60475500
60484621
60516661
60494567
60501545
60474449
56603414
60498027
60513289
60501532
60421845
60484981
60480665
60498099
60442671
60500891
60507746
60455094
60421878
60491152
60506985
60426069
60510100
60458847
60413515
60421253
60455898
60508948
60466879
60504764
60477229
60471801
60477093
60495577
60516368
60484512
60517612
60507164
60480088
59094700
60434848
60497640
60289342
60492133
60415164
60409969
60519290
60479598
60468473
60475086
60490142
60485931
60328367
60257281
60477293
60520953
60434708
60496045
60442238
60454888
60409736
60502690
60501639
57650271
60408831
60449554
60437243
60508809
59353212
60391357
60424239
60467849
60497118
60419520
60464372
60413679
60511772
60510579
60347113
60458211
60519241
60506268
60122410
60477173
60373102
58651469
60422742
60471235
60439883
60493332
60507455
60475441
60485981
60509969
60500829
60483501
60501417
60499410
60462661
60451678
60203530
60415482
60507226
60442265
60487158
60445078
60493326
60493898
60015000
60493476
60451504
60480303
60037210
60490434
58576672
60417096
60477843
60416923
60489069
60425015
60468016
60442556
60414717
60508455
60430258
60448311
60492643
60515443
60493134
60387712
60472217
60481534
60508645
60486675
60475107
60475569
57598019
60465486
60435802
60483465
60481451
60263915
60174723
60492522
60512207
60458019
60478262
60453033
60391356
60474786
60445683
57403023
60442150
60287968
60512837
60488756
60419753
60493372
60395609
60480860
60438183
60485280
59380794
58816075
60132845
59683661
60483416
60490907
60444596
60517601
60505684
60366896
60414817
59126839
60487204
60501408
56644170
60417662
60436643
60476087
60492428
60506032
60493886
60501233
60439037
60504856
60519860
60448678
60427824
60459221
58934551
60510720
60442476
60434143
60480234
60129939
60438832
60491043
60419688
59507834
60503268
60434184
60463334
59635883
60510149
60436934
60408387
60497019
60402029
60278927
60495709
59606634
60479986
60418443
60297829
60492226
60470961
60460074
60385334
60479802
60520013
60215017
60431310
60482602
60410254
60481647
60496451
60481229
60475857
60510378
60486658
60510939
60363374
60482418
60431559
60493312
60399624
60478788
60434772
60413222
60449803
60392314
60404186
60418475
60344542
60407334
60451290
60477311
60482435
60478600
60493345
60417049
60480682
56607956
60493327
60417315
60435145
60497199
60258532
60482974
60400419
60417741
60312476
60498245
60376511
60149056
60425877
60483709
60479280
60489737
60506075
60422569
60366901
60497754
60423481
60518269
60446181
58800796
60450464
60436711
60497908
60505073
60513394
60485659
60446582
60433207
58727257
60463932
60426472
60495336
60458713
60393632
58517683
60417922
60514656
60220785
60513824
60509010
60484573
60409739
60419612
60438963
60484157
58939361
60493555
60497914
60495327
58808657
60500273
60433391
60482812
60477246
60474971
59006042
60521003
60516716
60481988
60511599
60515325
59766095
60406411
59456444
60493796
60457756
60478245
60438282
60435297
60474870
60497384
60466629
60512872
59049888
60435617
60478278
60522223
60511875
60485170
60486857
58252678
60474527
60476114
60345456
60471856
60490960
60385438
60297488
60481525
60448003
60406272
60514402
60488572
60444224
60329658
55804247
60474581
60489025
60441935
60498877
60512732
60479751
60502955
60441658
59139704
60476303
60433236
60466997
60160711
60474346
57872563
59531126
60361810
60412767
60441024
60463082
60478548
60385435
60475030
60489884
60467463
60492337
60383315
60521618
60508516
60480705
60422918
60514134
60519022
60520490
55803395
60486536
60486430
60474009
60479432
60425500
60467317
60484079
58831062
59346063
58715473
60451509
60406677
60456295
60461842
60482727
60422019
56785264
60447360
60467144
60494869
60397991
60505505
60521769
60505201
57968013
60346325
60421738
60497020
60507487
60514172
60480380
60492709
60478224
60419693
60450479
60426630
59576206
60501093
60510401
56020124
60488112
60500026
60385568
60463540
60410342
60484926
60520291
60431922
60520529
60377492
60427448
60383902
60433075
60483336
60499582
60490764
60483643
60472791
60498149
60341661
60438338
60504129
60522470
60504615
60481350
60381463
60505443
60494775
60123239
60320979
60516666
60346671
60417869
60401637
60515380
60501293
60486066
60495865
60507513
60422053
60488427
60421467
60470937
59604721
60489080
60491234
60442463
60474620
60514246
60406199
60522294
60386866
60508593
60383282
60410941
60436273
60515510
60429493
60397520
60494650
59795644
58665743
60495138
60509201
60499407
60393975
60493415
60407022
60486517
60390468
60388602
60518492
60477355
60438118
60431089
60502153
60496038
60507441
60509408
60357111
60433636
60450603
60482567
60411084
60472867
60447213
60474559
60290390
60483361
60515480
60386424
60510460
60141462
60462402
59491982
59057743
60465323
60503144
60466702
60500418
60475187
60507622
60448847
60503021
60405650
60435711
60394312
60469333
60355413
60503621
60510616
60435317
60510436
60390596
60492433
60522175
60300922
59248677
60431595
60361994
60395337
60471687
60507675
60478568
60518088
60482265
60516767
60510470
60372986
60461424
60422632
60470850
60451409
60512062
60476024
59449550
60513239
60486074
60494449
60230821
60348508
60448115
60445954
58886089
60414813
60490802
60513488
60493077
60369149
60497726
59684946
60443180
56979791
60486428
60495113
60489650
60429359
60508463
60486150
60510669
60513180
60522873
60458176
60259308
60495460
60428851
60497651
60455164
60505185
60518444
56593346
60481348
60506788
60502642
60493588
60451620
60519690
60466556
60401190
60481874
60517618
60476298
60485535
60510441
60477981
60492499
60449417
60291013
60452276
60489925
60491442
58050430
59291526
60478676
60495606
60506732
60511482
60485069
60471262
60474531
60383915
60416607
60486565
60494910
60495300
60491894
60459519
60431255
60418572
60462834
60430373
60172856
60491402
60459511
60444045
60421072
60484866
60465749
60438694
60457443
60511027
60493837
60464731
60483989
60486599
60473687
60402841
60498565
60412957
60516527
60481133
60495472
60464202
60444117
60493433
60468296
60516650
60462054
60477260
60480997
60406926
60486114
60474643
60419821
60515769
60420841
60389758
60381858
60396897
60488430
60482437
60271470
60407742
60358984
60465573
60402776
60457190
59905880
60453947
60507200
60449964
60461924
60484125
60492718
60467038
60490786
60353534
58989147
58053922
60522940
58261568
59008544
60439765
60491024
56805185
60503114
60504077
60458980
59162332
60147398
60509335
60467620
60425420
60449713
60502052
60468624
60320189
60520518
60505230
60486318
60421446
60505143
60506037
60455616
60495523
60300825
60448648
60493180
60518139
60316110
59638440
59382757
60391507
60491412
60499973
60445706
60476607
60460435
60472207
59941341
60483612
60507192
60437904
60483185
60474897
60377373
60495205
60485319
60238484
60335402
60500210
60401891
60435410
60489766
60460076
60435016
60480328
60492282
60449886
60451078
60501583
60458354
60494285
60386108
60489362
60466097
59407381
60382035
60505466
60517140
60511774
60447488
60480145
60492934
60521661
60306219
60475927
60496432
60485781
60452586
60364910
60492281
60030047
60509132
60459704
60430786
60468931
60494174
60493672
60515501
60461309
60416277
60459386
60490237
60478924
60512448
60392153
60473822
60677363
60408696
60453594
60488446
60502804
60473988
60446337
60460307
60491929
60386079
60483295
60441854
60435062
60441716
60511496
60421948
60443255
60506067
60251897
59470643
60421722
59695042
60487553
60474282
60441683
60254853
60397431
60509214
60414516
60448828
60490285
60447984
60508328
60482940
60446406
60432124
60480279
60420277
60475626
60465935
60289377
58448858
60508712
60196121
60495241
60490239
60393318
60511830
60731649
60772712
60758918
60774452
60777709
60759011
60775475
60780051
60828843
60512347
60519980
60521629
60424971
60443260
60418503
60378713
60489582
60287235
60491377
60480495
59512663
60477831
60511742
60299186
60503051
60268905
60470405
60485658
60475354
59334959
60495610
60497087
60510142
60494740
60484733
60200404
60480472
60512572
60478187
60397171
60495788
60446824
60418280
60413372
59879525
60501422
60510893
60313988
60509730
59706832
60439872
60506653
60405731
60495249
60070052
60439010
60495392
60480336
60400765
60513357
60495445
60410523
60383923
60493832
60472504
60499022
60513909
60489128
60436397
60499975
60454794
60474931
60345166
60505676
60021370
60477228
60523115
60474549
60475807
60484535
60487997
60511672
60522539
60495485
60452165
60395852
60481278
60479905
60454779
60521919
60457992
60514543
60490912
60454162
60510265
60508464
60403824
60477120
60451605
57428419
60435393
60488610
60495082
60511442
60393881
60069562
60486687
60477306
60411457
60284965
60411643
60404808
60263581
58907401
60497722
60419981
60422240
60482841
60502994
60474630
60471310
60480050
60423926
60493001
57196670
60440062
60486726
60454037
60496974
60487779
60424121
60477039
60506722
60508784
60307405
60436419
60488967
60481693
60420436
60488614
60418675
60271232
60510506
60499995
60493671
60488817
60511628
60446577
60417455
60379820
60395280
60328008
60502098
60396721
60483969
60403952
60510734
60429988
60224144
60473948
60417424
60480916
60296270
60491394
60522439
60492899
60393384
60407490
60410745
60486716
60488183
60449143
60434040
59590875
60408672
60495536
60501920
60488789
60418627
60485895
60475928
60485412
60474894
60477287
60474813
60476886
60521196
60499477
60472387
60508526
60501152
60411180
60391173
60518949
60495221
60421954
60462778
60502868
60443862
60499642
60474615
60498359
60505893
60056532
60440039
60400545
60457964
60442714
60514241
60496932
60474914
60510264
60340496
60477425
60500806
60486151
60502053
60508808
60391995
60515636
60474858
60506897
59548576
60442359
60466893
60492675
60477122
60420688
59053395
60488747
60521167
58194725
60455170
60430876
60159351
60503907
56547797
60395036
60485451
60420139
60493375
60395438
60484932
60411325
60459186
60435884
60501444
60475506
60477322
55813943
60454799
60431440
60462315
60425776
60485688
60493745
60343183
60515085
60486054
60517223
60493047
60469753
60516751
60514308
60502706
60493677
60435453
60380899
60435269
60488785
60457602
60442749
60487575
60504903
60449281
60475515
60352521
60515181
60489003
58850010
60501060
60399085
56600653
60520434
60231900
60474183
60405272
60491385
60486514
60421813
60467610
60476373
60494729
60420856
60517513
60504882
58413335
60510427
60434126
60454158
60394867
59377330
60488879
60317550
60523216
60515758
60311028
60512977
60522514
60337092
60357346
59706932
60452925
60371480
60490909
60443132
58827551
60483206
60489950
60414750
60389156
60497567
60452527
60420222
60487458
60487068
60313400
60492566
60439544
60506256
60478488
60506765
60396222
60483752
60516572
60521153
60393536
60447472
60385668
60489123
60464317
60383521
60487730
60505199
60496003
60490921
60499914
60471995
60282535
60471437
60511689
60492890
60407319
60468083
60474600
60377046
60468669
60399461
60501126
60506773
59947050
60511494
60175395
60509033
60522388
58779736
59635697
60498034
60520546
60405732
57400276
60296162
60484646
60419536
60463755
60489744
60482327
60435592
60292342
60441553
60521793
60486527
60393215
60401108
60423039
60502225
60422625
60413673
60435172
60476308
60491404
60354273
60440162
60410836
60305184
60387801
60518233
60497046
60522548
60415392
60394055
60173203
60511553
60480448
60483124
60413482
60458737
60445853
60478768
60496155
60490135
60454973
60469780
60430787
60514467
60197159
60177145
60521781
60419434
60496056
60467079
60508647
60518960
60474956
60470914
60436253
60510735
60498091
60509195
60440440
60471142
60501990
60313974
59783864
60455128
60490568
60417106
60487599
60437927
60445395
58653772
60515552
58728127
60481813
60440415
60324908
60474430
60491542
60435752
59900236
60483921
60435428
59099405
60497249
60387394
60489700
60456398
60508821
60442228
59022285
60486529
60473228
60512472
60450816
60508851
60484420
60433395
60290742
60507764
60505803
60356066
60478397
60477211
60502870
60521625
60413931
60370793
60403888
60303167
60472783
60490312
60382791
60496900
60483076
60492355
60443833
60406522
60434592
60417993
60284368
60170432
60425003
60411471
60510476
60519909
60445054
60450487
60501653
60505951
60420038
60467639
59004969
60446035
60437590
60446811
60443316
60403879
60497924
60461122
60518079
60381573
60502075
60486566
60416857
60425836
60440473
60469880
60430568
60476834
60484894
60513208
60429174
60518538
59709307
60478437
60373708
60421854
60478401
60494619
60490690
60474164
60496477
60431063
60314237
60501275
60439888
60433324
60511606
60297108
60484700
60480866
60506854
60435660
60413195
60300974
60353995
60383347
60486643
60496807
60430742
60446475
60415618
60409048
60492832
60085732
60517613
60380842
60507552
60375471
60390697
60481478
60488002
60451086
60480882
60464290
60487810
60446983
60477580
60481698
60420862
59428730
60436281
60507197
60403409
60518452
60458828
60484132
60481215
58919765
60399589
60494353
60444773
60425583
60334665
60157576
59975687
60486875
60469053
60442685
60497022
60460451
60510095
60522920
60200353
60304916
60499326
60488737
60231484
60509458
60481270
60493290
60515927
60499220
60481163
60503335
60511459
60501204
60459411
60489747
60514490
60510288
60362294
59806166
60414323
60467638
57957529
60518455
60507618
60475911
60454793
60513335
60448083
60477515
60324332
60490106
60506951
60514997
60459005
60252023
60497446
60438514
60300880
60478276
60405889
59000836
60494438
60510377
60506616
60482560
60514250
60446341
60439576
60226573
60480969
59372522
60447105
60512886
60477880
60506901
60463998
60379797
60473885
60474911
60461910
60513250
60489288
60395488
60495062
60483205
60505249
60503388
60482601
60492480
60442497
60467452
60480678
60499636
60508403
60492838
60492487
60499867
60373020
60432459
60490980
60456767
60499317
56550813
60437341
60428925
60512170
60519749
60388792
60492101
60504500
60475425
60479775
60505326
60519444
60513723
60472024
60354844
60483005
60493574
60333101
60486352
60503751
60474520
60512830
60387909
60459170
60522450
60461775
60287013
60488031
59032127
60506288
60514462
60512546
60478754
60486041
60358895
60474994
59454658
60509230
60483412
60495631
60491269
60509990
60508742
60463231
60504614
60476877
60488636
60468038
60245974
60480872
60509275
60245188
60497533
60376370
60495186
60500282
60484064
60347811
60353133
60467469
60429456
60251656
60477294
60483488
60497667
60412846
60506620
60477754
60511886
60513042
60475111
60510760
60464912
60405212
59603024
60388235
60448309
60451285
60489909
59714642
60485987
60481661
60450104
60298111
60511519
60474817
60443187
60504891
60490234
60482651
60503736
60403316
58583081
59842700
58589924
60467254
60492342
60476891
60503803
60480156
60399053
60513299
60348639
60128380
60243682
60479175
60487970
60487449
60444517
60438500
60515240
60488078
60511622
60520324
60486211
60517077
60399332
60339990
60355906
60487221
60485359
60346757
60454630
59500067
60455258
60505023
60432180
58836840
60437615
60266977
60263038
60504575
60499928
60482800
60443311
60422786
60507022
60493618
60478957
60467809
60316514
60419355
60401741
60481016
60495376
60482390
60475101
60514494
60442131
60449995
60504874
60426265
60505570
60493491
60399313
60447280
60485916
60437507
60450660
60494575
60510575
60494671
60513129
60474617
60488902
60468105
60493436
60434739
60506350
60194067
59940236
60441704
60488715
60477675
60491700
60514576
60507843
60501973
60523069
60512306
57989272
60474742
60469188
60383939
60403962
60517195
60433463
60514103
60464196
60481410
60501220
60516832
60479908
60444478
60492439
60510603
60501175
60514659
59671475
60481689
60485679
58548840
60519102
60484615
60519891
59414303
60506750
60493000
60456574
60415771
60323763
60480043
60412990
60485624
60475017
60420800
60443004
60521892
60503520
60481098
60493240
60407180
60521649
60468200
60502061
60492547
60453315
60446667
60471919
60475592
60477993
60429901
60485615
60495668
60482416
60503400
60506882
60490653
60492127
60458338
59146246
60497270
60411387
60407972
60487554
60493418
60515724
60515592
60515434
59659124
60506016
60483548
60173910
60497900
60483912
60475959
60414122
60451208
60497945
60518331
60441167
60434549
60358141
60427045
60505866
60479880
60446273
60480731
60487341
60438566
58766014
60469773
60477988
60426836
60509390
60517593
60453227
60487448
60485572
60507761
60495492
60485296
60228315
60296765
58729178
60504343
60473966
60496961
60503842
60478445
60490191
60477095
60457650
60047373
60396421
60473318
60520492
60468102
60371209
60497944
60510187
60479316
60509045
60491289
60176269
60514728
60476738
60451109
59704601
60482244
60414662
60512175
60460340
60389891
60477905
58803466
60478856
60433602
60515482
60494558
60446662
60508380
60420083
60479992
60506936
60415847
60224596
60499939
60477801
60503919
60514110
60516246
60504921
59678856
60490345
60497606
60480579
60392978
60505881
60405568
60475705
60497978
60477643
60425800
60386076
60509443
60222160
60419429
60503054
60503013
60481152
60522167
60352992
60512193
60517583
60483254
60467430
60495238
59493116
60258776
60507531
60521607
60493029
60473259
60520620
60482834
60482919
60424882
60509272
59790231
60418838
60478387
60514237
60431857
60493498
60519968
60446322
60506864
60403934
60488087
60349426
60499559
60518932
60491417
60431975
58990268
60397608
60347672
60405343
60475920
60475977
60494674
60509497
60461031
60474747
60480702
60459451
60493919
60345917
60404351
60446370
58953350
60440109
60426901
60483383
58687825
60406114
60476745
60493901
60046900
60493310
60402649
60488894
60388089
60475967
60474277
60513726
60454101
60490735
60519152
60486179
60447775
60512743
56629267
60446501
60498568
60479989
60495564
60440375
60477942
60481068
60080098
60475229
60430848
60399300
60478775
60494585
60509148
60494659
60422151
60519149
60495701
60385585
60503017
60508505
59480759
60512928
60490842
60512764
60473613
60516582
58841079
60400049
60507840
60474260
60512805
60474436
60416784
60357001
60769380
60788917
60787510
60756753
60750658
60832769
60761708
60804853
60513249
60478897
59434050
60510768
60431069
60406566
60511655
60384831
60397778
59576376
60498348
60247297
60399275
60505735
60522783
60501310
60481241
60478596
60516497
60305073
60482884
60491271
60441709
60432524
60509036
60482909
60039325
60001749
60457879
60517639
60397547
60503303
60486978
55859484
60439016
60450421
60443559
60499550
60425899
60489949
60505195
60484917
59460509
60442559
60484903
60519237
60494847
60508540
60492536
60504051
60405138
60484841
60495438
60499901
60487302
60495007
60362502
60508860
60391987
60500261
60768850
60795751
60493347
60497201
60472400
60428345
60516682
60410897
60405810
60461754
60477270
60483215
60363862
59607449
60453939
60380782
60495487
60260728
60518762
60481018
60390665
60493213
60477409
60490432
60286088
60511508
60447719
60522122
60496534
60433939
60438856
60453375
60487131
60463947
60483443
60502973
60483427
60359242
60294028
60507067
60491278
60477453
60493187
60521877
60489370
60398029
60460853
60501582
56784104
60510801
60473764
60444605
59500694
60410621
60478770
60440851
60479265
58835321
60513919
60451453
60457175
60497243
60405384
60386020
60478698
60434913
60516490
60435327
60480527
60421756
60434249
60491039
60501821
60497341
60426435
60448156
60514198
60475448
57941322
60415423
60505777
60475052
56763027
60504712
60516427
60485111
60485747
60486682
60430690
60419571
60434626
60480754
60496996
60331810
58975682
60447923
60509003
60505028
60512698
60475461
60402980
60461534
60454147
59010202
60477154
60478287
60498592
60438869
59312708
60474880
60431733
60505244
60411884
60519788
60497553
58244213
60492174
59509220
60439301
60286527
60507080
60314085
60519255
60439654
60511764
60456865
60434481
60421088
60462516
60408457
60431245
60469486
60520596
60448251
60386793
60504126
60469288
60515158
60460567
60424034
60475237
60409564
60387233
60449316
60407960
60385128
60476858
60508322
60475149
60484404
60500102
60490066
60489571
60441194
60494037
60454107
60495012
60407406
59579368
60442376
60475161
60141600
60490104
60515396
60493053
60357170
59012074
60521555
60490691
60501751
60487621
60469030
60473286
60434053
60410492
60486200
60507460
60467720
60503491
60489560
60494796
60262890
60494969
60476411
60522540
60034026
60436473
60493307
60473827
60519123
60413780
58778214
58776416
60502056
60385473
60459181
60484628
59709925
60522332
60505787
59192352
60507269
60474674
60471380
60496921
60507681
60495676
60515118
60487422
60439631
57405431
60419748
60491102
60480119
60001503
60494680
60499110
60499777
60266358
60478599
60499597
60405168
60494106
60505897
60483300
60431533
60491072
60495911
60457697
60456831
60517435
60477126
58836953
60508807
60486079
60501596
60467744
60443237
60493743
60491798
60475810
59654564
60419723
60496903
60504769
57227329
60515506
60417367
60491054
60458628
60510424
60417270
60461743
60506843
60467574
60463048
60428861
60302372
60499346
60474480
60435378
60415765
59980373
60178092
60419341
60423523
59415021
60492707
60394774
60492045
60416672
58790817
60453830
60497539
60462706
58831918
60509618
60307404
60467847
60488716
60467288
60245700
60446716
60514583
60523185
60516571
60245285
60497006
60460716
59671717
60482525
60504705
60444137
60473678
60523005
60413128
60502070
60283924
60490304
60458569
60462907
60500871
60418640
60467866
59129881
60450163
60493716
60225108
60438060
59640273
60486777
60433645
60474678
60468457
60477488
60463800
60434091
60427622
60485340
60521038
60482421
56918275
60498190
60418527
60469177
60465723
60519882
60443766
60486664
56794445
60514598
60474908
60510981
60391704
59094364
60483049
60446595
60491399
60488218
60359120
60523165
60492964
60487935
60475986
60513256
60373611
60490996
60491438
60427905
60391314
60499002
60517267
60446444
60421802
60486650
60500205
60503393
60436260
60488678
60418676
60381864
60482731
60477061
60495452
60494883
60464273
60405188
60488480
60502255
60489871
60341579
60493196
60514151
60408035
60231997
60280226
60432099
60474066
60490717
60509658
60291121
60510167
60490874
58573543
60386905
60487094
60460829
60490303
60506082
60493121
60484156
60456437
60507755
60510697
60326286
60480132
60520338
60280298
60507546
60347391
60505259
60476015
60483727
58841965
60469014
60419735
60506069
60522257
60518892
60492548
59892147
60454006
60489763
60512832
59646265
58157662
60460407
60430345
60493207
60514506
60499466
60451557
60487760
60495408
60504137
60468043
60465037
60497099
59006452
60421487
60345593
60518053
59961978
60504978
60521799
58645195
60409847
60502787
60419052
60405787
60448536
60477489
60477897
60412195
60518472
60454155
58691790
60334633
60492182
60478970
60372314
60495636
59831293
60490880
60146316
60374214
60363670
60482793
60474438
56973565
60441650
60495605
60430870
60394799
60414199
60492169
60501617
60375326
60478631
60478590
60410788
60403503
60424357
60513134
60475898
60301817
60425291
60474878
60485617
60223340
60489078
60475826
60432021
60483001
60508890
60445945
60419909
60493410
60510954
60472726
60442340
60432034
60453354
60438188
60477267
60495488
60515173
60500172
56806549
60401388
60505308
60480169
60495647
60494920
60430331
60476408
60475427
60452715
60381308
60415532
60505895
60495305
59127066
60415931
60488090
60477607
60502950
59499069
60472569
60317709
60446426
60496183
60413908
60486704
60447308
60440295
60427454
60500009
60508336
60515198
60488625
60369004
58587797
60443416
59095875
60475311
60510588
60521846
60483797
60505891
60496532
60432452
60457455
60507353
60499156
60442777
60474320
60513666
60501291
60421939
60401952
60505471
60505340
60481291
60507857
60485550
60497666
60485450
60086631
60475163
60434132
60485298
60483289
60032899
60509020
59477437
58538196
60509955
60399210
59589241
60492911
60437390
60514319
60434570
60484943
60475364
60497291
60382363
60513344
60474988
58848425
60427082
60497767
60470742
60431399
60437399
58040389
60511868
60521634
60491352
60192945
60478566
60483589
60459167
60378610
60421391
60390484
60502359
60507730
60499990
60493621
60452822
60499757
60510752
60515599
60498842
60490240
60481040
60475273
60412578
60480116
60510023
60408748
60211097
60422020
60476504
60380887
60288938
60482199
60476531
60486615
60497030
60425208
60511717
59694255
60496175
60498172
60475400
60391500
60352884
60490703
60390619
60505709
60501301
60381764
60468440
60445179
60496030
60449635
60477363
59063281
60414381
60521813
60496156
60439175
60287474
60395258
60497990
60478431
60413282
60507089
60415732
60502940
60505257
60501219
60497963
60417724
60493766
60518372
60474061
60485128
60513985
60482645
57963911
60485038
60408494
60438434
60488246
60523097
60465291
60491188
60482742
60357043
60511942
60476912
60469563
60499566
60465496
60491260
60516772
60430933
60461726
60422095
60367455
60499250
60380605
60520320
60476801
60471912
60504409
60458837
60293474
57289891
60424675
60488271
60439166
60466047
60507596
60455103
60501248
60502152
60392366
60509982
60461469
60473464
60414883
60444311
58351109
60507020
60477854
60481543
59856555
59958038
56571343
60503628
60456975
60423390
60495904
60455619
60385967
60485783
58980784
60474877
60412974
60443453
60493450
59678911
60520665
60257281
60477293
60520953
60434708
60496045
60442238
60454888
60409736
60502690
60501639
57650271
60408831
60449554
56550705
58779297
60485421
60497103
60499560
60347350
60505553
60470101
60493117
60360005
60406764
60410651
58941848
60206992
60474804
60425145
60401903
60435218
60473951
60490097
60451762
60483192
60396802
60510687
60490436
60496037
60485576
60509463
60416017
60480365
60402977
60499816
60437243
60508809
59353212
60391357
60424239
60467849
60497118
60419520
60464372
60413679
60511772
60510579
60347113
60458211
60519241
60506268
60122410
60477173
60508645
60486675
60475107
60475569
57598019
60465486
60435802
60483465
60481451
60263915
60174723
60492522
60512207
60511518
60519779
60495507
60481055
60421482
60477574
60488836
60229852
60523083
60497170
60466634
60446646
60393915
60518199
60516743
60028396
60519016
60516673
60422397
60259211
60516698
60476753
60481279
60485750
60468228
60411148
58657028
60503257
60419451
60458019
60478262
60453033
60391356
60474786
60445683
57403023
60442150
60287968
60512837
60488756
60419753
60493372
60395609
60480860
60438183
60485280
59380794
58816075
60215017
60431310
60482602
60410254
60481647
60496451
60481229
60475857
60510378
60475813
58065631
60442547
60450746
60504021
60438519
60422697
60483134
60279418
60421851
60298627
60515284
60418003
60488568
60392021
60441070
60459366
60442983
60490033
60477944
60408184
60423946
60452115
60107888
60485270
60446244
60087801
56569397
58806220
60517602
60486658
60510939
60363374
60482418
60431559
60493312
60399624
60478788
60434772
60413222
60449803
60392314
60404186
60418475
60344542
60407334
60451290
60446181
58800796
60450464
60436711
60497908
60505073
60513394
60485659
60446582
60433207
58727257
60463932
60426472
60495336
60476386
60477743
60153910
59090000
60399023
60503365
60484812
60510661
60505802
60434276
60486034
60506874
60443968
60486670
60493140
60497875
60425580
60481502
60361962
60474634
60386652
60360609
60366986
60458713
60393632
58517683
60417922
60474527
60476114
60345456
60471856
60490960
60385438
60297488
60481525
60448003
60406272
60514402
60488572
60444224
60329658
55804247
60474581
60489025
60441935
60498877
60512732
60479751
60502955
60441658
60421738
60497020
60507487
60514172
60480380
60358747
60507018
59868057
60496196
60517250
60508999
60462142
60489092
60487057
60510861
60448516
60496991
60458860
60397515
60365212
60488961
60515522
60217420
60503117
60410380
60425551
60519715
60455760
60459910
60509060
60489068
60472234
60521220
56597113
60475233
56620856
60492709
60478224
60419693
60450479
60426630
59576206
60501093
60510401
56020124
60488112
60500026
60385568
60463540
60410342
60484926
60520291
60431922
60520529
60377492
60427448
60383902
60433075
60483336
60499582
60490764
60483643
60433636
60450603
60482567
60411084
60472867
60407231
60413387
60446212
60504088
60500504
56546200
60448496
60347769
56603213
59334269
60486525
60444578
60452630
60486304
60475198
60458889
60422709
60483034
60512197
60419071
60494424
60447153
60488630
60451346
60482267
60485434
60455039
60262179
60518913
60447213
60474559
60290390
60483361
60515480
60386424
60510460
60141462
60462402
59491982
59057743
60465323
60503144
60466702
60500418
60475187
60507622
60448847
60503021
60405650
60435711
60394312
60469333
60355413
60503621
60510616
60435317
60505367
60411591
60458950
60478434
59912671
56594113
60507412
60513059
60512152
59108860
60490631
60493370
60406724
60090658
60463345
60393212
60469684
58918611
60481246
60485358
60454307
60486480
60403319
60490249
60429976
59477532
60423930
60498323
60462604
60510436
60390596
60401190
60481874
60517618
60476298
60485535
60510441
60477981
60492499
60449417
60291013
60452276
60489925
60491442
58050430
59291526
60478676
60495606
60506732
60511482
60485069
60471262
60474531
60383915
60416607
60486565
60494910
60495300
60365694
60171086
60479385
60482342
60504729
60376305
60501453
60411849
60393962
60477742
60479925
60504912
60499941
60505294
60355960
60490401
60435081
60509288
60436081
60506966
60459885
60380361
60476355
60403518
60436500
60507578
60516185
60487457
60505616
60491894
60459519
59905880
60453947
60507200
60449964
60461924
60484125
60492718
60467038
60490786
60353534
58989147
58053922
60522940
58261568
59008544
60499973
60445706
60476607
60460435
60472207
59941341
60483612
60507192
60437904
60483185
60474897
60377373
60507628
60493358
60506025
60520943
60479899
58836406
60473800
60516206
60456639
60406289
57448628
60423558
59010804
60458783
60441851
60508509
60460241
60464065
60493581
60310167
60493670
60484006
60479821
60495861
60419163
60495205
60485319
60238484
60335402
60500210
60401891
60435410
60489766
60460076
60435016
60480328
60492282
60408696
60453594
60488446
60502804
60473988
60446337
60460307
60491929
60386079
60483295
60441854
60435062
60441716
60511496
60421948
60443255
60506067
60251897
59470643
60499147
60314080
60460904
60439373
60499152
60446540
60440387
60442057
60513127
60481843
60493707
60426069
60510100
60458847
60413515
60421253
60455898
60508948
60466879
60504764
60477229
60471801
60477093
60495577
60516368
60484512
60517612
60507164
60480088
60421722
59695042
60487553
60474282
60441683
60254853
60397431
60512347
60519980
60521629
60424971
60443260
60418503
60378713
60489582
60287235
60491377
60480495
59512663
60477831
60511742
60299186
60503051
60268905
60470405
60485658
60475354
59334959
60495610
60497087
60510142
59094700
60434848
60497640
60289342
60492133
60415164
60409969
60519290
60479598
60468473
60475086
60490142
60485931
60328367
60451504
60480303
60037210
60490434
58576672
60417096
60477843
60416923
60489069
60425015
60468016
60442556
60414717
60508455
60430258
60448311
60494740
60484733
60200404
60489128
60436397
60499975
60454794
60474931
60345166
60505676
60021370
60477228
60523115
60474549
60475807
60484535
60487997
60511672
60522539
60495485
60452165
60395852
60481278
60479905
60454779
60521919
60457992
60514543
60490912
60454162
60510265
60492643
60515443
60493134
60387712
60472217
60481534
60442476
60434143
60480234
60129939
60438832
60491043
60419688
59507834
60503268
60434184
60463334
59635883
60510149
60436934
60408387
60497019
60402029
60278927
60495709
59606634
60479986
60418443
60297829
60508464
60440062
60486726
60454037
60496974
60487779
60424121
60477039
60506722
60508784
60307405
60436419
60488967
60481693
60420436
60488614
60418675
60271232
60510506
60499995
60493671
60488817
60511628
60446577
60417455
60379820
60395280
60474894
60492226
60470961
60460074
60385334
60479802
60520013
60417741
60312476
60498245
60376511
60149056
60425877
60483709
60479280
60489737
60506075
60422569
60366901
60497754
60423481
60518269
59006042
60521003
60516716
60481988
60511599
60515325
60477287
60474813
60476886
60521196
60499477
60472387
60508526
60501152
60411180
60391173
60518949
60495221
60421954
60462778
60502868
60443862
60499642
60474615
60498359
60505893
60056532
60440039
60400545
59766095
60406411
59456444
60493796
60457756
60478245
60438282
60435297
60474870
60497384
60466629
60512872
59049888
60435617
60478278
60522223
60511875
60485170
60486857
58252678
60486430
60474009
60479432
60425500
60467317
60484079
58831062
59346063
58715473
60457964
60442714
60514241
60496932
60474914
60510264
60484932
60411325
60459186
60435884
60501444
60475506
60477322
55813943
60454799
60431440
60462315
60425776
60485688
60493745
60343183
60515085
60486054
60517223
60493047
60469753
60516751
60514308
60502706
60493677
60451509
60406677
60456295
60461842
60482727
60422019
56785264
60447360
60467144
60494869
60397991
60505505
60521769
60505201
57968013
60346325
60474620
60514246
60406199
60522294
60386866
60508593
60383282
60410941
60436273
60515510
60429493
60397520
60494650
59795644
58665743
60495138
60509201
60435453
60380899
60435269
60488785
60457602
60442749
60487575
60317550
60523216
60515758
60311028
60512977
60522514
60337092
60357346
59706932
60452925
60371480
60490909
60443132
58827551
60483206
60489950
60414750
60389156
60497567
60452527
60420222
60487458
60487068
60499407
60393975
60493415
60407022
60486517
60390468
60388602
60518492
60477355
60438118
60431089
60502153
60496038
60507441
60509408
60357111
60513488
60493077
60369149
60497726
59684946
60443180
56979791
60486428
60495113
60489650
60429359
60508463
60486150
60510669
60513180
60522873
60313400
60492566
60439544
60506256
60478488
60506765
60396222
60483752
60509033
60522388
58779736
59635697
60498034
60520546
60405732
57400276
60296162
60484646
60419536
60463755
60489744
60482327
60435592
60292342
60441553
60521793
60486527
60393215
60401108
60423039
60502225
60422625
60458176
60259308
60495460
60428851
60497651
60455164
60505185
60518444
56593346
60481348
60506788
60502642
60493588
60451620
60519690
60466556
60516650
60462054
60477260
60480997
60406926
60486114
60474643
60419821
60515769
60420841
60389758
60381858
60413673
60435172
60476308
60491404
60354273
60440162
60410836
60305184
60387801
60509195
60440440
60471142
60501990
60313974
59783864
60455128
60490568
60417106
60487599
60437927
60445395
58653772
60515552
58728127
60481813
60440415
60324908
60474430
60491542
60435752
60396897
60488430
60482437
60271470
60407742
60358984
60465573
60402776
60457190
60421446
60505143
60506037
60455616
60495523
60300825
60448648
60493180
60518139
60316110
59638440
59382757
60391507
60491412
60493672
60515501
60461309
60416277
60459386
59900236
60483921
60435428
59099405
60497249
60387394
60489700
60456398
60508821
60442228
60411471
60510476
60519909
60445054
60450487
60501653
60505951
60420038
60467639
59004969
60446035
60437590
60446811
60443316
60403879
60497924
60461122
60490237
60478924
60512448
60392153
60473822
60450960
60662614
60770345
60518079
60381573
60502075
60486566
60416857
60425836
60440473
60469880
60430742
60446475
60415618
60409048
60492832
60085732
60517613
60380842
60507552
60375471
60390697
60481478
60488002
60451086
60480882
60464290
60487810
60446983
60477580
60481698
60420862
59428730
60436281
60507197
60403409
60518452
60458828
60484132
60481215
58919765
60489747
60514490
60510288
60362294
59806166
60414323
60467638
57957529
60518455
60507618
60475911
60454793
60513335
60448083
60477515
60324332
60490106
60506951
60514997
60459005
60252023
60497446
60766743
60814710
60818795
60832717
60833216
60438514
60300880
60478276
60405889
59000836
60494438
60510377
60506616
60492838
60492487
60499867
60373020
60432459
60490980
60456767
60499317
56550813
60754892
60754457
60856582
60778636
60755731
60437341
60428925
60512170
60519749
60388792
60492101
60504500
60475425
60479775
60505326
60519444
60513723
60472024
60354844
60483005
60493574
60333101
60486352
60480872
60509275
60245188
60497533
60376370
60495186
60500282
60484064
60347811
60353133
60467469
60429456
60251656
60477294
60483488
60497667
60412846
60506620
60477754
60511886
60513042
60475111
60510760
60464912
60405212
59603024
60388235
60448309
60451285
60489909
59714642
60243682
60479175
60487970
60487449
60444517
60438500
60515240
60488078
60511622
60520324
60486211
60517077
60399332
60339990
60355906
60487221
60485359
60346757
60454630
59500067
60455258
60505023
60432180
58836840
60437615
60266977
60263038
60504575
60499928
60468105
60493436
60434739
60506350
60194067
59940236
60441704
60488715
60477675
60491700
60514576
60507843
60501973
60523069
60512306
57989272
60474742
60469188
60383939
60403962
60517195
60433463
60514103
60464196
60481410
60501220
60516832
60479908
60444478
60492439
60510603
60501175
60514659
60471919
60475592
60477993
60429901
60485615
60495668
60482416
60503400
60506882
60490653
60492127
60458338
59146246
60497270
60411387
60407972
60487554
60493418
60515724
60515592
60515434
59659124
60506016
60483548
60173910
60497900
60483912
60296765
58729178
60504343
60473966
60496961
60503842
60478445
60490191
60477095
60457650
60047373
60396421
60473318
60520492
60468102
60371209
60497944
60510187
60479316
60509045
60491289
60176269
60514728
60476738
60451109
59704601
60482244
60414662
60512175
60460340
60477643
60425800
60386076
60509443
60222160
60419429
60503054
60503013
60481152
60522167
60352992
60512193
60517583
60483254
60467430
60495238
59493116
60258776
60507531
60521607
60493029
60473259
60520620
60482834
60482919
60424882
60493919
60345917
60404351
60446370
58953350
60440109
60426901
60483383
58687825
60406114
60476745
60493901
60046900
60493310
60402649
60488894
60388089
60475967
60474277
60513726
60454101
60490735
60519152
60486179
60447775
60512743
56629267
60446501
60498568
60513249
60478897
59434050
60510768
60431069
60406566
60511655
60384831
60397778
59576376
60498348
60247297
60399275
60505735
60522783
60501310
60481241
60478596
60516497
60305073
60482884
60491271
60441709
60432524
60509036
60482909
60039325
60001749
60457879
60493347
60497201
60472400
60428345
60516682
60410897
60405810
60461754
60477270
60483215
60363862
59607449
60453939
60380782
60495487
60260728
60518762
60481018
60390665
60493213
60477409
60490432
60286088
60511508
60447719
60522122
60496534
60433939
60438856
60453375
60487131
60516490
60435327
60480527
60421756
60434249
60491039
60501821
60497341
60426435
60448156
60514198
60475448
57941322
60415423
60505777
60475052
56763027
60504712
60516427
60485111
60485747
60486682
60430690
60419571
60434626
60480754
60496996
60331810
60434481
60421088
60462516
60408457
60431245
60469486
60520596
60448251
60386793
60504126
60469288
60515158
60460567
60424034
60475237
60409564
60387233
60449316
60407960
60385128
60476858
60508322
60475149
60484404
60500102
60490066
60489571
60441194
60494037
60454107
60495012
60473827
60519123
60413780
58778214
58776416
60502056
60385473
60459181
60484628
59709925
60522332
60505787
59192352
60507269
60474674
60471380
60496921
60507681
60495676
60515118
60487422
60439631
57405431
60419748
60491102
60480119
60001503
60494680
60499110
60499777
60266358
60478599
60417270
60461743
60506843
60467574
60463048
60428861
60302372
60499346
60474480
60435378
60415765
59980373
60178092
60419341
60423523
59415021
60492707
60394774
60492045
60416672
58790817
60453830
60497539
60462706
58831918
60509618
60307404
60467847
60488716
60467288
60474678
60468457
60477488
60463800
60434091
60427622
60485340
60521038
60482421
56918275
60498190
60418527
60469177
60465723
60519882
60443766
60486664
56794445
60514598
60474908
60510981
60391704
59094364
60483049
60446595
60491399
60488218
60359120
60523165
60492964
60514151
60408035
60231997
60280226
60432099
60474066
60490717
60509658
60291121
60510167
60490874
58573543
60386905
60487094
60460829
60490303
60506082
60493121
60484156
60456437
60507755
60510697
60326286
60480132
60520338
60280298
60507546
60518053
59961978
60504978
60521799
58645195
60409847
60502787
60419052
60405787
60448536
60477489
60477897
60412195
60518472
60454155
58691790
60334633
60492182
60478970
60372314
60495636
59831293
60490880
60146316
60374214
60363670
60482793
60474438
56973565
60441650
60495605
60438188
60477267
60495488
60515173
60500172
56806549
60401388
60505308
60480169
60495647
60494920
60430331
60476408
60475427
60452715
60381308
60415532
60505895
60495305
59127066
60415931
60488090
60477607
60502950
59499069
60472569
60317709
60446426
60496183
60413908
60505340
60481291
60507857
60485550
60497666
60485450
60086631
60475163
60434132
60485298
60483289
60032899
60509020
59477437
58538196
60509955
60399210
59589241
60492911
60437390
60514319
60434570
60484943
60475364
60497291
60382363
60513344
60474988
58848425
60427082
60497767
60470742
60288938
60482199
60476531
60486615
60497030
60425208
60511717
59694255
60496175
60498172
60475400
60391500
60352884
60490703
60390619
60505709
60501301
60381764
60468440
60445179
60496030
60449635
60477363
59063281
60414381
60521813
60496156
60439175
60287474
60395258
60497990
60478431
60413282
60461726
60422095
60367455
60499250
60380605
60520320
60476801
60471912
60504409
60458837
60293474
57289891
60424675
60488271
60439166
60466047
60507596
60455103
60501248
60502152
60392366
60509982
60461469
60473464
60414883
60444311
58351109
60507020
60477854
60481543
56550705
58779297
60485421
60497103
60499560
60347350
60505553
60470101
60493117
60360005
60406764
60410651
58941848
60206992
60474804
60425145
60401903
60435218
60473951
60490097
60451762
60483192
60396802
60510687
60490436
60496037
60485576
60509463
60416017
60480365
60402977
60499816
60511518
60519779
60495507
60481055
60421482
60477574
60488836
60229852
60523083
60497170
60466634
60446646
60393915
60518199
60516743
60028396
60519016
60516673
60422397
60259211
60516698
60476753
60481279
60485750
60468228
60411148
58657028
60503257
60419451
60475813
58065631
60442547
60450746
60504021
60438519
60422697
60483134
60279418
60421851
60298627
60515284
60418003
60488568
60392021
60441070
60459366
60442983
60490033
60477944
60408184
60423946
60452115
60107888
60485270
60446244
60087801
56569397
58806220
60517602
60476386
60477743
60153910
59090000
60399023
60503365
60484812
60510661
60505802
60434276
60486034
60506874
60443968
60486670
60493140
60497875
60425580
60481502
60361962
60474634
60386652
60360609
60366986
60358747
60507018
59868057
60496196
60517250
60508999
60462142
60489092
60487057
60510861
60448516
60496991
60458860
60397515
60365212
60488961
60515522
60217420
60503117
60410380
60425551
60519715
60455760
60459910
60509060
60489068
60472234
60521220
56597113
60475233
56620856
60407231
60413387
60446212
60504088
60500504
56546200
60448496
60347769
56603213
59334269
60486525
60444578
60452630
60486304
60475198
60458889
60422709
60483034
60512197
60419071
60494424
60447153
60488630
60451346
60482267
60485434
60455039
60262179
60518913
60505367
60411591
60458950
60478434
59912671
56594113
60507412
60513059
60512152
59108860
60490631
60493370
60406724
60090658
60463345
60393212
60469684
58918611
60481246
60485358
60454307
60486480
60403319
60490249
60429976
59477532
60423930
60498323
60462604
60365694
60171086
60479385
60482342
60504729
60376305
60501453
60411849
60393962
60477742
60479925
60504912
60499941
60505294
60355960
60490401
60435081
60509288
60436081
60506966
60459885
60380361
60476355
60403518
60436500
60507578
60516185
60487457
60505616
60507628
60493358
60506025
60520943
60479899
58836406
60473800
60516206
60456639
60406289
57448628
60423558
59010804
60458783
60441851
60508509
60460241
60464065
60493581
60310167
60493670
60484006
60479821
60495861
60419163
60499147
60314080
60460904
60439373
60499152
60446540
60440387
60442057
60513127
60481843
60493707
60426069
60510100
60458847
60413515
60421253
60455898
60508948
60466879
60504764
60477229
60471801
60477093
60495577
60516368
60484512
60517612
60507164
60480088
59094700
60434848
60497640
60289342
60492133
60415164
60409969
60519290
60479598
60468473
60475086
60490142
60485931
60328367
60451504
60480303
60037210
60490434
58576672
60417096
60477843
60416923
60489069
60425015
60468016
60442556
60414717
60508455
60430258
60448311
60492643
60515443
60493134
60387712
60472217
60481534
60442476
60434143
60480234
60129939
60438832
60491043
60419688
59507834
60503268
60434184
60463334
59635883
60510149
60436934
60408387
60497019
60402029
60278927
60495709
59606634
60479986
60418443
60297829
60492226
60470961
60460074
60385334
60479802
60520013
60417741
60312476
60498245
60376511
60149056
60425877
60483709
60479280
60489737
60506075
60422569
60366901
60497754
60423481
60518269
59006042
60521003
60516716
60481988
60511599
60515325
59766095
60406411
59456444
60493796
60457756
60478245
60438282
60435297
60474870
60497384
60466629
60512872
59049888
60435617
60478278
60522223
60511875
60485170
60486857
58252678
60486430
60474009
60479432
60425500
60467317
60484079
58831062
59346063
58715473
60451509
60406677
60456295
60461842
60482727
60422019
56785264
60447360
60467144
60494869
60397991
60505505
60521769
60505201
57968013
60346325
60474620
60514246
60406199
60522294
60386866
60508593
60383282
60410941
60436273
60515510
60429493
60397520
60494650
59795644
58665743
60495138
60509201
60499407
60393975
60493415
60407022
60486517
60390468
60388602
60518492
60477355
60438118
60431089
60502153
60496038
60507441
60509408
60357111
60513488
60493077
60369149
60497726
59684946
60443180
56979791
60486428
60495113
60489650
60429359
60508463
60486150
60510669
60513180
60522873
60458176
60259308
60495460
60428851
60497651
60455164
60505185
60518444
56593346
60481348
60506788
60502642
60493588
60451620
60519690
60466556
60516650
60462054
60477260
60480997
60406926
60486114
60474643
60419821
60515769
60420841
