62724204
63779604
63430788
61223822
63281465
63712905
64001241
63498327
59291526
1000211383
63691451
63942232
62748484
63381684
63745610
63769983
63730293
63574536
64014271
63728424
61940722
63573303
64023772
63554803
63937425
63775208
63878943
63195718
1000208828
63657731
1000207743
63940750
63922053
1000210879
63562627
63971217
63631575
63306899
63692272
63804285
63915917
63726015
63919761
63972036
63904068
63692330
63975621
63955155
63708177
63984746
1000211305
63403567
63485354
63550001
63796076
63179952
63734596
63199352
63743815
63687986
63940210
63765869
63740309
63974806
63876749
63437038
63308920
63351610
63649185
64000649
1000208432
62875651
63876253
63180859
63946614
63979699
63935862
63699372
63766553
62956231
63430245
62916029
1000210539
63956061
60548116
61909900
63804535
64021428
63528540
63650003
63396033
63335369
63968139
63959229
63993978
63971448
62324645
63975547
59162332
63819660
63588225
63429890
63729549
63928998
63793966
63665783
63449662
1000211590
63694051
63956348
63995913
63981931
63949741
63588740
63782581
63665841
63352119
63047717
63927895
1000211195
63336052
63343914
63501627
63980464
63796075
63537235
63364082
62927780
63957242
63892026
63661909
63458407
63658963
63056694
63714891
63724036
63045191
63766882
1000211024
63279484
63988976
63705713
62964535
63971164
63718024
62917783
63996129
63334053
63594142
1000210229
63109284
1000208867
63961304
63672419
63986457
63560362
63669188
63903824
62845111
59604721
63575431
63688455
1000208428
63474612
63293996
63851132
63706160
1000208289
63565748
1000211027
63786671
63630758
63343190
63385535
63367926
63370448
63378594
63265746
1000209814
63785173
1000211273
63775378
63434707
63645360
63967270
63940924
63588118
63932921
63912502
63883789
1000210388
63800196
63815316
63939563
63304741
63464501
63904439
63617895
63789152
63998591
63753309
63941857
63136996
63272293
63919342
63951027
63567911
1000210913
63654178
63662178
63944752
63893800
63612779
63949176
63464175
63780826
63800292
62938172
63755562
1000208522
63928333
63920836
63139697
63886045
63800182
63049888
1000210349
63922086
1000208890
63774389
63553313
63955966
63992696
63766288
63947697
63760117
63933887
63756886
63578370
63998378
64021578
63779144
63957566
59063281
63638677
63115946
1000211055
63007189
1000210423
63920404
64024110
62881097
63678177
59248677
63761437
63973678
1000208614
60278927
63693476
63714103
1000208310
62859137
63368614
62943998
63976530
63773615
1000206835
60160711
64008314
63925454
63282353
64020619
63796801
63696036
64004507
63901557
63791491
63924534
63979510
63864523
63644238
63768391
63033123
63923124
63772306
63953329
1000208820
63937645
58766014
63948358
63253711
56620856
63117937
63967527
63912179
63943332
63994237
63471915
63484138
63958275
64023033
62308115
63954099
63985564
1000209164
63917275
1000207822
63286686
63900585
63913981
63807358
63518651
63949064
64014270
62122184
63907972
63871365
63621401
64012171
63032633
63553488
63287544
63932979
63909031
62504988
63168330
63967110
63657803
63489624
1000211406
63901926
63782942
1000211018
63741018
62945827
63960293
63996645
63636247
63775916
63890806
63982380
63153827
60510265
63975403
61541926
63091940
63950422
63984069
64021199
1000210661
62107800
59456444
63565273
64024901
63929102
63944246
63991311
63453204
63534009
63265559
63386062
63869691
63823320
63994156
63682094
63154556
63657140
63315486
63652078
1000208861
63559228
63757425
63747969
63896943
63939829
63902301
1000208597
63938358
62836531
63887107
63933499
63779240
63380099
63481080
63806986
1000211343
63980796
63296009
63548030
63786865
63566321
58989147
1000211625
63924272
63439113
63181352
63925115
63986068
63141688
63291173
63284838
63654930
63744579
1000208775
63469517
64009515
63899819
63777734
63282342
62274260
63504589
64024460
63475925
63953493
63652477
63573859
63307589
59127066
63925116
1000211333
63807425
63288460
63925963
62209548
63876127
63712044
63972828
63931701
63984861
63434072
63974662
63931879
63958134
63987840
63919005
63199126
63879808
63925500
63738128
64024489
63398682
1000211505
63975383
63683955
63905013
63343104
63467320
63975450
63779644
63986827
63871311
63722725
63942566
63787584
1000209098
60700399
63781990
63776893
63931145
63359564
63380328
63628857
63982716
63982031
63972577
63508222
63991230
63938746
58918611
63942727
63527892
63483814
63271218
63985087
63963948
63352782
61772972
63206673
63739702
1000211262
63292742
64002667
1000210938
63456441
63367993
63123429
64014011
64013593
63741099
63481340
63961560
63647815
63038777
63349683
63702672
64024496
63121268
63922543
63488195
63789843
64017945
58779297
63762276
63430246
63874182
63478306
63705276
63681492
63798426
63926244
63720671
59892147
63744042
63673385
63314382
63448225
63898864
63961445
63642661
63938117
63137653
63664070
63336524
63686853
63618335
64010196
63759840
63154189
60681569
63707613
63053024
63348256
63969089
63945972
64002245
64000739
63793728
62508186
63460677
1000210155
63960944
63788634
1000211314
63085502
63923890
63930468
63610811
63385922
1000211544
63654372
63886798
63870018
63468849
63658102
63907268
63719583
1000211056
63912141
62929380
63959366
63935277
63980884
62899941
63682565
63381987
64000174
64016341
63702468
63881764
63370638
56594113
63555596
63791904
63935981
63517233
63719201
63945970
1000210928
63469304
63703587
63957019
63610287
63907400
63882657
1000204327
63751369
63558574
63999257
63776927
63983057
63989245
63927497
1000211362
63523370
63092227
63771692
59683661
63671057
63939764
63913865
63440392
63914138
63969258
63788675
63991500
1000210992
63765330
63892878
63805470
63169839
63430437
62544203
63993476
63563294
63701461
63109190
63442351
63587832
63326930
63994061
63940971
63050560
63719002
1000211391
63985125
63919828
63697711
63936236
1000211043
63649738
63927933
63980030
63652396
63591263
1000208556
63471639
63926690
63733296
63364829
63765724
63300923
63321535
1000208822
63462124
63885971
63821935
63934924
63986079
63548154
1000210718
1000210836
63777356
63727649
63945638
1000200521
63165170
63995029
1000208103
63326623
63970149
63164404
63795397
63766865
63529784
63859011
63768095
63119398
58806220
63567436
63492142
63950166
63675019
63968976
63531923
63796643
63850287
63741132
63935097
63655404
63294492
63907069
63847355
63957997
63800480
63756751
63332679
63926130
1000211411
63306354
63439915
63980540
63466750
63357221
64023347
63431479
63947107
63755834
63471945
63928741
63963050
63798668
63907206
63950925
63985287
63431874
63978954
1000208524
63936827
63967095
63903431
63324641
63641306
63768204
63919944
63966650
63227843
63514499
63688915
63501822
1000211663
61513855
63956606
63955373
63846371
63372721
63924124
63791344
63490021
63826732
62920043
63269848
63579476
64011251
63461826
63962499
63749366
63309922
63870380
63779862
1000210259
63919105
63106087
63563015
63902563
63339571
63891891
63880693
63354581
63911580
63953161
63744070
63657292
63465513
63787285
63532827
63676557
63220514
63892933
63543020
63132749
63717590
63380012
63943472
62847648
63639220
64010693
1000211509
1000208701
63626726
60680002
63655943
63291860
63756248
63869613
63965350
63990540
64008650
63329419
63651742
63670512
63897694
63770215
63286062
63951691
63990593
63735767
1000210854
63567784
63649544
63681493
63587362
63290867
63928433
63937555
62897444
63763129
63464381
63675059
63145699
62526745
63772941
63101019
63996018
63921296
1000210208
63983865
63800356
63941302
63489865
63082250
64004660
63977140
63959328
59709307
63583776
63565902
63136665
63688409
62903228
63485701
1000211657
63867940
63650533
63976222
63873342
63536537
63946493
63678664
63933188
62338557
63316302
63996437
63685596
63954007
63958322
63958594
63974502
63481460
63922045
63725968
63983091
63495764
63696792
63711653
63783172
1000208656
63959215
1000210436
63570046
63554628
63936527
63757942
56644170
63682816
63956751
63067002
63607553
56794445
63565296
63971439
63968687
63755051
63695803
63309581
63955531
63283047
63937688
63926673
1000210942
63935147
63349356
63903667
63945210
63760186
59353212
59053395
63542589
63986407
63794176
63723878
63118879
63063930
63975971
63375030
62914799
63326996
63508987
64009616
63659280
63946402
63981818
62980944
63681432
64012471
63957058
63472862
63524014
63880288
63121318
64020398
63984362
63807392
58941848
63616782
63874664
63658987
63717694
62950172
63445944
63806641
63304342
63905839
63963128
63797009
63519267
63823997
63245021
63301381
63998605
63889195
63143844
63887941
63560271
63510625
63516206
64023338
63941481
62872886
62942619
63530258
62548605
63332527
1000208566
63755501
63537706
1000209107
63636194
63955333
64006450
63282854
62956119
63946045
63495000
63795444
63884562
63181092
63890593
64024402
63748532
62948823
63469348
62966432
63924673
63993658
63973378
63963124
63931196
63660999
63885373
63665983
63973967
61692104
64013557
63704903
1000211442
63935734
63926018
63232644
63601038
63180509
63549930
63733431
63775609
63863301
63959066
63981515
63982292
63517577
63990867
1000210944
63946054
63932430
63964859
63670351
63751155
63778205
1000209212
63483697
63331604
63710211
62738074
63797704
63915385
63979008
63979508
59372522
63917405
63591098
63978295
63691657
63990239
63769710
62925199
63504150
63884133
62966517
63793604
63088217
63724266
56918275
61352654
63747870
63780357
63472714
63498360
63090589
62715868
1000208612
63699492
60903981
63179384
63900908
62942175
1000210632
63752670
63711801
63711936
62884915
64006529
63150463
62529852
63417239
63494585
63530045
63915655
63914067
63697983
63760093
63976971
63941831
63991719
64000598
63909273
63575182
60659949
63202788
1000207868
63120214
63961131
63086421
62532095
63780229
63935350
63996156
63684661
63061550
63960046
63669596
63969948
63675031
63469308
63985779
64009998
62900277
63885030
63163502
63605509
63171445
63262069
63258951
63791737
63655260
63551154
1000211729
63659373
63876107
63564744
62110149
63969992
63811409
63802585
63704171
63862598
63976813
63323398
63291753
63706901
63532957
63736178
63167105
63936168
63207492
63465916
63986070
1000201822
63775429
63379749
63287217
1000207833
63927900
63635717
63787902
63949417
63265745
1000208764
63111368
63454561
1000209114
1000208116
63506836
63592795
63994504
63467553
63918488
63894874
63802994
63229938
63478610
63346799
63577241
1000207923
63792523
63906042
63751719
1000208696
61905892
61924992
63156224
63898651
63391028
63482475
63649026
63848803
63895876
63954387
63546033
63718213
63886839
64018045
63905853
63979285
63788642
63658621
63969656
64010921
64018097
63989234
63929376
63428744
63561584
63371204
61352375
63516141
63174430
63589547
63951152
64003748
63962769
63761093
63886537
63946810
63719893
63966160
63784631
63494827
62753428
63466774
63574397
63348375
1000211484
62916893
61537363
63738660
62985152
63794327
62782531
61532917
1000208990
63951308
63867891
56784104
63997488
63407133
63767822
63706786
1000207977
63670639
63874390
63781855
63465019
58835435
63529158
63975233
63976730
63554053
64010560
63288574
64018839
63937630
63784646
1000211409
63794653
63491468
63917662
59671717
64021929
61503903
63945678
63917726
1000211597
63644545
60366403
63124227
64024475
63708503
63140805
63115255
1000208031
63938908
63775270
63656900
63704475
63793037
63717456
63999225
63771827
64011745
62900495
1000211553
63752360
63778135
62870289
63996991
63227231
63013947
63212381
63096598
62953111
63747836
62909094
63708456
63752813
60656962
63728675
63799067
63599095
63960330
63074397
61060764
63539563
63094481
63553559
63269009
63944102
63987462
61845829
63902056
63469216
64006947
63985899
63659885
63309111
63480941
63988388
62740135
56550705
63684181
63949861
63989263
63551066
62867636
63038737
63963419
63619861
63988332
63753463
63950787
63936590
63516922
63747854
63794577
63056742
63917393
1000211090
63510498
63976562
63985410
63968261
1000211026
63642720
63788798
64011427
63718098
63779510
63542758
63755399
63749056
63786744
63994303
63896555
63412306
63346038
63992803
1000209298
63973364
63388979
1000211142
63261240
64010620
63955805
63987734
63694423
63083961
63983363
61602913
62900809
62924934
63500718
1000210680
63234208
63945074
63975455
63973361
63671550
63981854
63715866
1000211320
63417312
62319558
63925527
63672687
1000211223
63567151
63337470
63990943
63501958
63498428
63719489
63018156
63942034
63932098
63411415
63953851
63537470
63954891
63646076
63923119
63942269
63452815
1000211635
63607509
63918765
63424907
63679632
63996844
63721396
63986928
63525401
61321632
63266930
63697492
63104017
62952400
63054844
63114865
63761893
63011968
64011195
63971952
63558844
63472538
63909176
64009112
63996782
63986229
63971377
1000207561
63300344
60224144
62018653
63712458
63336434
63361188
63301852
63983121
63324237
63874481
1000210532
63725254
63782013
63579001
63788996
63493131
1000208593
63241522
63529596
63933285
63026069
62971296
63279437
63927801
63949908
63903632
64024098
63896158
63979489
63790662
63315490
63969578
63274164
63962124
63940251
63766326
1000211489
63298242
63923178
63415290
63406389
63863649
63120469
63601345
63972830
63972722
58934551
63640512
60297488
63661243
63921979
63288830
63968467
63774332
63654161
63939768
63067289
63927424
63854244
63773092
63461349
63887286
63751359
63936877
63925696
63949015
64009006
63877596
63788038
62106465
63777777
63912956
63786817
63532917
63967193
63879063
63982368
63905647
63936170
1000210940
63140830
63971317
63902777
63498230
64024062
63932650
59709925
63962011
63576986
63762111
63969917
63710114
63687759
63782041
63299600
63759884
1000210655
63906798
63934270
63370091
63969156
63914575
63962668
63874917
1000208773
63658571
1000208679
63632606
63962256
63677180
63991886
63484646
1000208929
63314811
63932932
62643312
61931173
63994154
63243815
63688651
63578841
63769372
63962934
63691278
63378039
59879525
63767033
63697453
63619761
63925900
62905326
63472222
63558112
57968013
63505251
63726707
62528951
1000208555
63011817
63942704
63804405
63785713
63776720
63982910
63996672
63967943
63536289
63673956
63117482
63918609
63918837
63993753
63264667
63914625
63522613
63960151
63748148
63526101
60122410
63667033
63787952
64012452
1000210275
63795327
1000207599
62861526
1000210909
63300026
63952039
63096733
63681142
63158261
63962616
58573543
63478652
63711777
1000208571
63147111
63731718
64022552
1000208782
63651715
63717761
63439345
62961639
63528268
63729263
63333543
63936198
63294200
63705050
1000207550
63808422
63643620
63798594
63391646
63938460
63714930
63092345
63785830
62793358
63563671
63664895
63749681
62972324
63961532
62166377
63963824
1000211664
63984770
63975847
63405546
63983406
63472710
63473305
62902712
63048088
63772604
63436022
63926820
59900236
63412437
61345216
63921438
63783803
63286746
63648798
62749829
63759764
63380237
62876586
63829529
63957763
63964143
63972380
63557448
63362899
63877002
64014165
63900991
63472567
63697302
63756135
63514378
63978056
64001114
63781685
63458796
63548781
63944602
63674200
59500694
63390471
63852397
63725637
63965410
63667257
60523165
63950349
63910928
63993931
63373692
63906912
63991138
63981826
63356213
63950217
64003588
63930076
63639511
63300060
1000210521
63551855
63422001
63663252
64003173
63984433
63148220
61532548
63607047
1000211541
63941048
63711070
63917783
63623555
63990483
1000210189
62207220
63484437
63248636
63410894
63712806
63977359
1000211366
58841079
63385487
63771785
63862943
1000208871
63372094
64009353
63205886
63980316
63995610
63490202
63782068
63977527
63418398
63957260
63961287
63960159
63985175
63724280
63733246
63504625
63696354
63998982
63923031
63951583
63938468
63453484
63917912
63795752
63653605
63938835
63781777
1000208886
63639078
63760610
63947026
63220502
63672579
62557167
63639556
62935730
64007420
63909483
1000211171
63579607
63021882
63303116
63453395
63775205
63938907
63998684
63750574
62857758
63510709
63736181
63997131
63701802
63984954
62423866
63747800
63268952
64022048
63897644
63713616
63968475
63732351
63795505
63948905
63355010
63938294
63913048
63908897
63778148
64023123
63944091
63632384
61884134
63993915
64009532
63993640
63857457
63703337
62874136
63570364
61522001
63955540
63996799
63343198
63760604
63489507
63708983
63944203
63701677
63363652
63787570
63957437
63941969
1000211408
63947957
63990758
63984148
63156043
63034804
63725057
63961067
63736682
63453402
63329834
63759459
64004408
63636987
63992457
63878332
63890981
63085702
63705295
63974607
63945872
63982629
63778342
63510347
63713333
63975285
63752658
1000207955
63519234
63675610
63527265
63783200
63692618
63946552
63703800
63825014
63310786
1000208260
63969396
63571351
63748334
63993922
63297890
63078816
61468774
1000208069
58645195
63266401
63768463
63765752
63081747
63301788
63420750
63902820
64009673
63946362
63687492
63778066
58779736
62904078
62746918
63588504
63704846
63704099
63744112
62941737
63748219
63722274
63940896
63113820
63378169
63759152
64012979
64000928
63779771
63478414
63922492
63171974
1000211576
63077709
63933993
64008717
63642813
63465435
63784917
63671290
63937789
63940122
62524128
63782609
63675971
63060956
63704108
63157209
63688180
63727692
62877453
63563629
63554052
63793342
63985813
63962173
56785264
63959490
63931467
63766009
63768406
63984699
63973818
63640528
62769067
61657350
63994455
63990900
63961979
63775324
63895007
63981551
63531578
63800431
63768940
63708315
63792159
63011368
63880730
64024291
1000210379
63621158
63909335
63951430
63979045
63635669
63787808
63679058
60508784
63927982
58803466
63166011
62766312
63447386
62962365
63969057
63756097
63904499
63292356
63771720
63895552
63998794
63110372
63590703
1000208754
63309241
63354005
62917538
63968608
64024127
63763183
62916981
63946678
63977097
63111523
64023152
63967436
1000211335
63370648
63965655
63477406
63653600
63968730
63507027
63692518
63975532
63033643
1000208351
63975661
63196137
63734462
63084701
63950578
1000211614
63573417
63904721
63729248
63667441
1000210810
63706234
63772167
63333147
63072027
63948791
63901676
1000209050
63982727
56569397
62877163
63757153
63695690
63050508
62525410
63987820
1000211613
63990677
61322423
63444711
62928662
63710024
63701691
63765819
63509606
63740531
63039517
63920777
63006781
63660578
63766576
63945226
63998685
1000210444
63991803
61427193
63807948
59129881
62889671
62893523
63710354
63976128
59694255
63730757
63740925
63484581
63925874
64018804
63511597
63926995
63955758
63304092
63439444
63609972
63991525
63043946
63898039
63132102
63728720
63936678
63985568
63168311
63134778
61330244
59192352
63168847
63267679
63768834
63972955
63960896
63965526
1000207721
63207455
63789548
63908523
63672654
63675246
63912011
63935167
62915338
63979277
63356106
63534725
63672777
61512066
63888190
63782557
63913155
64001904
63111158
63985349
63595647
61687848
64012475
64007913
63939578
62835036
63326820
63995466
63533356
62949464
63704320
63082300
63877752
62968809
59659124
63617817
63615279
63141938
63854880
63882766
63928257
63987931
63979245
63643045
63701570
63946794
62547345
63345897
63975429
63993369
1000211219
63708444
58729178
64011339
63496859
63736583
1000211565
63881343
64023251
63045608
1000208416
63459328
63368881
63926312
63480199
62920994
63913047
59312708
63978877
63429128
63536332
63344685
63371715
1000208761
63884002
1000210516
63489353
63919806
63351989
64007712
1000207863
1000210699
63561655
63465187
63649875
63377312
63290335
63932867
63570134
62906387
63068623
1000210264
63999122
63957134
64008180
63544083
63993164
63052584
63912891
63161188
63686304
63933261
1000211474
63977138
63523276
63884870
64012995
63900436
63027824
63722450
63780191
63779337
63925922
63960115
63032834
63923410
1000208690
63525259
63997954
61352300
63871267
63616925
63894572
63981705
63569593
63862849
63838056
63995531
63377320
64004368
63912497
63687497
62927996
63459261
63415869
63969180
63732238
1000207677
63784269
63943513
63194729
63928397
63949095
63907606
1000210732
64000803
63697458
63526332
63998722
61326132
63888515
63473141
63564451
1000207584
63871235
1000210653
63991173
63944293
63950354
63961579
63058768
63714060
63574943
63953207
63785712
63991506
63641176
63971976
64018824
63728224
63290446
63281677
1000211564
63996259
63243963
63867893
63169862
63701472
63994658
63945806
63593410
63753876
62929938
1000210470
63315724
61833875
63972430
63748405
1000211558
63740601
1000211560
63655492
63572359
63544692
62743707
63563105
63652771
61601078
63549654
63961701
63344184
63993544
63919261
63867602
63045717
63760105
63966162
63963666
61349551
63922857
63327314
63738658
63869589
63990920
63084555
63770216
63801473
63500995
63375448
63789156
63987487
63962227
61490204
63732856
63972999
63648212
63561423
63792356
63961493
63643910
63165621
61526813
63875839
63493287
63650488
63115195
63690261
63621048
57405431
63946652
63731089
1000207855
63938901
63967573
63772244
63485854
63212321
63729138
63946156
63995431
1000209117
63725551
1000211304
64023320
63932959
63990003
63779586
63137316
63686397
64011544
62694907
58886089
63954427
63661020
1000210476
63727184
62912281
64009179
63930242
59099405
63405648
63973999
63982753
62555635
63618469
63894702
63957072
1000208397
63714046
63326511
63907901
63772582
63147072
63876952
63954873
63938359
63761607
62891461
64024549
63923902
63956847
63911838
63907744
63539587
63997806
63652532
63933828
63947207
63645707
61690555
63133775
63953583
63988068
63981375
62860372
64000737
63993973
63956701
63279175
63959709
1000208204
63539881
63876525
63995624
63569990
63435808
62781472
63702524
63979014
63468316
63950694
62391281
63018603
57963911
63925539
63502290
63766229
63867964
63990735
63670059
63923587
1000211379
63985773
63950655
63141768
63643950
63090934
60745770
63893521
63737266
63753322
63995659
63863121
63336061
63988898
63512063
63336805
63517498
63558738
58538196
63974402
1000207709
63484664
63987005
1000211179
63738136
61337702
63012606
63747366
63950468
63793364
63970524
64024553
63633648
63085455
63731725
63573775
63980192
63860987
63852560
63646160
63890144
63965599
63961421
63947900
1000207922
63294274
63968981
63759058
63964499
63718692
63654778
62964093
63959255
60605487
63723571
63974514
63925908
62311483
63717280
1000210947
63760199
63979541
63898777
63016243
63985761
1000211644
63009987
63887589
63426386
63344693
63734485
62934580
63961339
63977277
63350017
63056458
63574665
63643710
63569162
63947880
63159617
63759500
63925508
63737175
63577673
63688693
63890310
64006636
63968953
63523509
1000211151
63969454
63735805
62871095
63708845
63910159
63752441
63774200
63498358
63984318
63527338
63757786
1000211138
1000210922
63846828
63913010
63669547
63580271
1000210559
63789158
63538399
1000211468
63942287
63667537
63719839
63980265
63737258
63997271
63933511
63743684
63977176
63962300
63963131
63934550
1000210140
1000210337
63687888
63357792
63636532
1000211143
63651879
62940480
63718216
63783118
58831062
63573057
63943060
63504534
63947068
63966527
63981715
63961267
63712153
63960636
1000207917
63542151
63642780
63979487
63555755
63635064
63996427
63957565
63908345
63962297
63482361
58252678
63545687
63959358
63698863
63797305
56603414
63334082
63901192
1000208394
63956351
59477437
63899633
63991225
61496380
58351109
63921112
63747077
63931597
63713388
63326773
63961808
63485554
63306134
63919112
63621416
63441063
63315299
63644321
63858438
63551537
63243483
63935197
63970247
63011141
63229232
63188107
1000210403
63426532
63998678
64002427
63946840
63784622
63727464
63711928
63994105
63950246
62986509
63987597
63716834
62881517
64009487
63725598
62964616
63802793
63628674
63255355
63435403
63998774
63667194
63727823
63877314
63793150
1000208023
60260728
63782112
63791665
63693310
62921818
63902233
62894068
62978785
63660137
63953352
63102665
63597224
62895475
63600414
63965760
63546457
63867438
63484808
63980181
63758374
63852185
64018277
63605935
1000210914
63554258
63796602
63643788
63651103
63709981
63961163
62924433
63664315
63919160
63939306
63944391
62904504
63961411
63989035
63999365
63357953
63077279
63608439
63255755
62679132
63779551
63476114
63773003
63993778
63991849
63356530
63546196
63491644
63728209
63965627
63990608
64005263
63935744
63660617
63266232
63389653
63679530
63704543
63592384
62311459
63917988
63560670
63559118
63069506
62935728
58776416
59491982
63675834
63688042
63328988
63902050
63956335
63885616
63998225
63285826
62902965
63975779
63766320
63992773
63885323
63419110
64010614
63701768
63802868
60870717
63724807
63991961
63477669
63008712
63925528
63964920
63998691
63966620
63901065
63946439
64023265
63937209
58665743
63923708
63369849
58836406
63616828
64010940
63980220
63512445
1000211600
63783326
63890760
63969654
63287875
63687608
63983480
63972234
63145615
63910805
63729041
63732087
1000210302
63994816
63913074
63980097
63328986
63662456
63933087
63967865
63943280
62863260
63894712
1000210986
63909382
63459139
63901368
63965739
62373114
61524834
63958049
62978600
63936364
63339351
63724626
64000903
64022667
63704123
63350211
61259037
63275976
62812416
63881463
63740707
1000209146
63793204
64022062
63164748
62990271
63460757
63961711
1000208631
63805755
1000208927
63512682
63253186
58583081
64006593
63423202
63694590
1000210903
63955311
63698455
63611674
63478448
63288060
63472084
63041083
63798603
63841185
63752029
63959518
63656524
63819394
63900606
63833747
63950917
63760380
63702411
62916102
61725676
62876079
63022414
63329660
63492249
63951194
63986298
61504830
63942811
63829381
62121368
63154480
63904248
63963244
63631738
1000211351
63938983
63981986
63635684
63955196
63374358
1000207739
63797456
63587164
63549043
63464178
63897104
63936057
62955732
63800624
63316584
63985984
63329905
63948431
63922848
64011310
63640693
63874384
63470996
63949893
63745556
63931923
61543202
63687219
63972785
63464394
63573487
63935632
64013600
63919810
58261568
63777362
63924690
63871004
62819219
63967533
63751150
63952502
62543776
1000210827
63985857
63663787
63987966
63775751
63089792
1000207860
63346884
64011457
63950600
64012351
1000210694
63797678
63784869
63706570
63993590
63029351
63229314
63473324
1000211612
62953459
63772147
63894589
63805285
60878116
63570682
63713016
63686594
63759124
63881227
58413335
63762688
63907975
63792925
1000211403
63294268
1000208326
57227329
1000210191
63902859
63756196
63536550
63495351
58800796
63553545
63718235
63191435
63922419
62882393
63782150
63951667
63329595
63340464
64024704
58040389
62555803
1000209256
61513553
63872597
64023361
63469564
63347630
63294120
1000208975
63910089
63895804
63931766
63098893
63740049
63987936
63960425
1000211443
63133362
63658997
63674801
63775946
63844764
63778182
63726084
63967575
63952210
63509300
58576672
63354808
1000208018
64023014
63969095
63645985
63907180
63986495
63259335
62868874
63892906
63307220
63904900
59638440
1000208039
64014863
64021793
61501585
63753336
63911027
63481962
63714159
1000209199
63963401
62295856
63954064
62303413
63749052
63787149
63618144
63787417
63337559
1000210902
63784275
63964255
63446292
63966753
63994502
63927722
63698871
63969390
63473178
63945338
1000208079
63735812
63324107
63895540
63718660
62954475
63562575
62895286
63986424
63489932
60679051
64023158
63722573
60871988
63968600
60385585
63979034
63696325
63087888
64009081
63968718
63812659
63946836
63863910
63701163
63647975
63996140
63902748
63432406
63922955
62516559
63916829
63922722
63340733
63889457
63877642
63935414
63961644
63732312
63044067
63727311
63455076
62745207
63978519
63657397
63913051
63962247
63684242
63697165
63116821
63293878
63773211
63748224
63718813
58065631
63760483
63849861
62519579
58827551
63937164
63928154
63925224
58589924
63322346
59090000
63511448
63956079
1000208970
63744529
64005626
63962233
62989935
63455916
63974962
63768140
63728344
1000210591
63558637
63999325
63830030
63790907
63982721
63895231
63508957
63635848
64024035
63711845
63786889
63991286
63717820
63322973
64008343
63901987
63921619
63540396
62147865
63780136
63654315
63308238
63520808
63966675
63755033
63788808
63159656
63994294
61852881
64015202
63963504
62941222
63979259
62550750
63721434
63279107
59415021
63737553
64004503
63147428
63904438
63950373
62889184
63096988
63129103
62206427
63160232
63582232
1000210356
63481317
63783739
1000210795
63897773
63879231
63783887
63414800
64009194
63925513
59010202
63999105
63604280
64013719
63577044
63961433
1000210881
63948507
58907401
62983030
1000211632
63734748
1000208519
64023706
63993593
63741785
63744218
63751540
63956151
63689430
63649820
63955730
63851209
63675011
63991106
63891353
63551246
62874239
63721945
59507834
63697606
63804817
63587363
63966928
63319169
1000209142
64005605
63805500
63780007
63962788
63481171
63479897
63798926
61967441
63440313
63897230
63841878
1000210629
63484226
63899285
63262788
56979791
63188804
63718069
63759309
63945637
63639346
59958038
1000186432
63976642
63183427
63886952
63446413
62509472
64009118
63160106
63553320
63298060
63901729
58975682
63557356
62302706
63723596
63995786
63602957
63931325
63677990
64008025
63718932
1000211621
63942239
63941196
63101889
63979184
59382757
60310167
63916501
63289940
63718385
63269467
63677676
63993830
63394684
63981660
63916499
63766934
63962548
63312923
61485717
63771832
63943426
63377590
63691653
64008573
62995870
63625171
63728558
63624713
62755836
63290055
64012410
63652862
63744721
63767401
63905268
63850255
63909043
63251419
62896676
63969977
63559579
63918883
63959386
63999220
63874085
63963726
63801881
1000208284
63976572
59695042
63738443
63987203
63924271
63462552
63998049
63793322
63099191
63403526
63336360
63456391
63718744
63771433
62873456
63720777
63797611
63512446
63799868
63946003
63996738
63990163
63801367
63707920
62745397
63897194
63924607
63544110
63661610
63701787
63416807
63189682
63648556
63661676
63977252
63985580
63766721
63998008
63319350
63959138
63989729
63920743
63153294
63898580
63543243
63343282
1000210999
63913239
63301684
63939024
63732062
63333322
63772240
63117478
63428653
63320245
63254374
63094923
63973214
63522740
63784885
63905465
63787915
63913069
62397568
63984634
63692258
61295056
63942633
63580093
63921375
62954163
63989084
1000208378
63294017
63921688
63335534
63561664
63771872
63845903
63324602
1000207802
63998415
63929419
63990746
63993791
63876815
64017095
63688822
62026544
63303930
63508135
63499167
63891941
1000210460
60986891
63482156
63983230
63483549
63940003
63987847
1000210293
63595623
63917566
62862362
64011347
1000210574
63569444
63878344
63419453
63703754
63238702
63295800
63529670
63977059
63929439
56600653
63413572
63348856
63762988
63048008
63787950
63600542
64010584
63917834
63459555
63776231
63940247
63929607
63870751
62928222
63662062
1000208733
62956622
63849659
63974570
63640610
63142049
63116392
63938189
63839002
64011345
63449103
62324953
62905480
63917437
63521286
63663697
63916811
62146806
63908707
63960904
63965272
63906990
63340113
1000208434
63937533
63939821
64021836
63515818
63781979
63430553
63887777
63926261
63789651
63924820
1000211483
63933027
63268903
63710150
63447970
63531597
63998168
63281670
63988264
63464530
59905880
63990759
63454919
63998694
63471212
60311028
63357933
63318822
63567107
64023313
63946023
63991292
63985449
63508684
63711934
63793648
1000207713
63906220
63676351
63804746
63459957
63963417
63945031
63515965
63779633
63108028
62959395
63979287
63922935
63610433
63574650
63787667
63954766
63709210
1000208172
63959644
63548073
63784404
63995695
63542895
62924059
63159804
1000208846
63573940
1000207575
63116476
1000211481
63708114
63574803
63922452
63614001
63916443
63828604
63994421
62744799
63283649
63265633
63213876
63477217
62863468
63952964
63689692
63790192
63981864
63485632
1000211225
63493972
1000208584
63760207
1000208708
63665922
63947156
63950459
63771253
63607007
1000209220
63671701
1000208113
63514304
63057798
63433767
60645670
63502409
62911378
63799470
63706807
63543590
63123182
63927675
63737891
62118585
63879497
64024140
63357169
63943967
63821638
1000211334
62908628
63732745
1000207926
63332242
63993597
63086917
63989090
63921052
63737354
63902420
63893437
63916522
63860786
63054676
62954875
63964050
63755274
63714893
63772530
63862717
63474455
63898843
62921107
63356340
63677830
63346513
63639430
63278612
63655268
63928551
63987494
62752039
63893462
63784073
62870409
63969480
63551266
63798447
63483084
64002239
63763655
63768374
1000210814
63800168
1000211401
63345347
63159673
63067321
63091645
63959530
63186531
63951842
63904594
63804845
63012324
63686871
63497652
63978614
63624142
63966758
63088677
1000207059
63774443
63693186
63962897
63492180
62080279
63479905
63540076
63942327
63940116
63724504
62298599
1000209047
63925378
63978351
63602706
63693883
63682496
63663388
63490204
1000211357
63442412
1000210998
63677201
63771315
63915344
63724560
63577837
63703352
63742688
64008547
63347503
63777397
63977721
1000210959
64018162
63497638
63712807
63877099
63292552
63744052
63353658
63979420
63405288
63891337
63691778
63766814
63661241
63688371
63786233
63953882
63939268
63901579
63979056
63946553
63339857
63933954
63283506
63993983
63556111
63734527
63800291
63738557
63653615
63926726
63540056
63555806
63777068
63955152
63904834
62960601
62762705
62964056
1000208321
62511009
63422445
63918729
63973561
63506843
63789239
63934977
61324188
63065650
63936130
63942420
61940021
63993305
63076782
63340631
63905592
63689050
63747159
63128298
1000211130
63999398
63450564
63751868
63485002
63739078
1000211224
63920790
63932192
63488228
63140641
63676361
64024225
63483455
63957343
63570251
63573041
60681742
63993737
63740760
63770585
63878261
63945291
62824028
63034605
63589328
63774601
64011249
63928538
60516650
63972835
63365884
63041762
64012947
63691306
63966682
63960480
63936503
63907690
63643445
61316442
1000210908
63709317
64004483
63072886
63265377
1000208054
63986105
61127389
63777351
63279998
63727771
1000210923
63944791
63765260
63761808
63533302
1000208055
63923151
63769135
62506436
63535624
63651372
63999281
63927461
63570554
63752375
63858882
63615388
1000210893
63151973
63937992
62748078
63028558
63393120
63908253
63587554
1000207849
62890927
63995195
63771022
62927694
1000210834
63989168
62820300
63779564
63992442
1000211163
63895282
63942938
63064743
63491474
62923300
64009198
63690633
63913636
63946437
63530342
63278723
63972482
63668681
63065143
62913811
63929580
63941332
63635277
63587490
63621928
63887009
1000208694
63471025
63765083
63487256
64013659
63785470
63940690
63825448
64008617
63902263
63647731
63994260
63930935
63941774
63735178
63959742
63375520
63762833
63995950
63669867
63912760
63957379
63681350
63947191
63974311
63673909
63949193
64024797
63476446
63760729
63465509
63659732
1000211240
63968286
62954129
63520562
63969085
63965686
63882400
63899777
1000210272
1000207612
63954450
63982944
63992006
63792682
63975535
63911675
63530777
63984810
1000210643
63991691
62750086
64006570
64013071
63959565
63120604
63851928
62960583
63334598
63448113
63978797
63944349
1000207736
63737363
63732858
63473798
63435239
1000208210
63762734
63925901
63545314
63710828
63985503
63777080
63171129
63486429
63703325
63946731
63454819
63610131
1000210540
63784856
63895322
63961617
63266211
63742972
63970449
62938169
63685273
63971119
1000208763
63341083
63908607
61740068
63915499
63961950
62828431
63634394
1000209001
63931523
63495261
63991627
63717841
63777103
63481831
63910469
63816391
63529060
63166419
63898504
61108455
62513541
63234653
63957492
62194937
63356093
63985628
63512694
63551112
63557251
63674853
63771211
63371139
63935457
62944326
62898678
63800620
63945240
63799008
63945178
63463478
63486728
1000208195
63863578
63881518
63943327
64011112
63962250
63865073
63921487
63683898
63930681
63486792
63733954
63644106
58816075
62901587
63698562
63892804
63476154
62902049
63724235
63917207
63884690
63707405
1000210805
1000211089
63326809
63986007
63975853
63275762
64005292
63914703
63940142
64011121
63697463
61526721
61538872
63777492
63542345
63986461
63947826
63960185
63995022
63763229
63993230
62949336
63514862
63448043
63780915
63937983
1000207606
61526196
63984228
63524910
63932177
62858624
63210082
1000210993
63909788
64021113
63770514
63484809
63358136
63505454
63337493
58691790
63885676
63489396
63939174
63773375
1000207962
63945375
63356843
63079235
63230924
63260055
63985535
63528306
1000207971
62940667
1000208442
63759132
58831918
63913439
63899690
1000211093
63794000
63213259
63157269
1000211247
63893099
63989935
63291896
63651429
63669694
62287930
63192177
63941589
63657645
63728130
1000210601
63661849
59640273
63689208
63998039
63608367
63263371
63465026
63871532
64004224
1000211616
63580165
1000210855
1000210878
63986133
64023880
63721977
58687825
63450304
64023741
63756343
63555104
1000209097
63997034
1000209007
63941202
63898048
63597478
1000210580
63891105
63922433
1000211579
63662875
61534452
63922241
63476727
63303734
63748592
63286896
63419619
61294774
63945711
63918723
63257030
63306805
63529500
63525902
63909489
58657028
63271036
63766617
63909217
63287228
63683443
1000211605
63731822
63417304
1000207890
63574632
63734026
63086567
63308485
63734451
63308949
63693216
63901783
1000211488
64010033
63693490
1000208575
63785468
63292332
63703153
63786969
1000211435
1000208714
63997054
63358802
63593360
63332512
63966334
63331460
63991085
64024619
62826299
63682221
63892478
63949065
63724681
63442524
63154703
62890891
63923134
63935202
63489905
63488472
63568160
63799884
63953068
63581583
63717849
64006642
63659269
63352731
1000208445
61522973
63966935
63963796
1000211251
63520790
63738123
63721583
63695493
63685488
63643187
63456502
63774432
63902757
63861399
62918349
63439560
63927775
1000208454
63954256
58919765
63977477
63521099
63384130
63282128
63756957
55803395
63924990
63689857
59548576
63951818
63553714
62516715
63731065
63511212
62897925
61527239
63061961
1000207545
63901733
63941650
63993279
63273725
63830186
63841117
63911677
63630878
63085338
63433021
1000207992
63954792
1000211285
63983919
63994654
63760948
63537618
1000209110
63064502
63768807
63894123
62936360
63726581
1000211100
63937522
63102496
63737978
63957581
63547103
63120439
63439249
63991875
63766710
63927765
63624701
63090693
61357013
1000210710
1000210612
63937342
63743393
63315719
63779222
63209882
63631096
63933519
63916935
63933709
63542655
63726295
63955056
63281477
57196670
63479992
63511526
63935609
63931720
61773200
63979760
63867934
63936474
63980411
63784960
63460553
64023194
63657926
63958269
1000208721
1000208292
64022820
63704331
63999373
63902433
63973310
63245810
63612719
63682660
63927756
63379743
63685969
63953305
63998863
63970033
63093720
63874906
63926737
63922133
63762992
63005611
63717123
63640194
56603213
63298958
63473060
63049320
63555092
63937829
63939588
63491983
1000210663
63945683
62546981
63184678
63661866
63389790
63393174
63811098
63921264
59579368
63704011
63491138
63922708
63091062
1000208012
63348296
63116303
63883535
63333608
63993277
62523719
63648466
64012820
63713677
63668659
63953533
63741311
63938600
63801950
63955682
63976910
63872414
63865533
63615710
63970793
62899411
63757568
63461275
63779322
63306955
63688609
63985698
63975639
63768985
63780819
62944792
63984616
1000210577
62934885
63977414
63979007
63991266
62845042
63959258
63026263
63622285
63355165
63548972
63998543
63731275
63964817
1000210195
63906979
63667197
63851195
63945145
63956267
62706089
63450381
63726726
63363659
1000208281
63374099
1000207705
63408641
63986433
1000211147
63648081
63947787
63980818
63925575
60488625
63485869
63747927
63648229
63988430
63943697
63805595
63191999
63968787
1000211280
63963183
64012224
63784503
63991888
62735497
62940124
63991402
1000208506
63955303
63773939
63703865
63114718
63676376
64011159
63993843
63780047
63737152
63784264
63964772
63367479
1000210689
1000208427
63789031
63989691
63904625
63726630
63672299
63625857
1000208205
63513517
64024648
63713849
63807944
63694727
63047494
63988649
59806166
61745769
63364296
63797462
63982288
63488377
64002775
63463887
63701080
63143408
63447943
63071939
63157862
63933300
64024547
64009302
63671203
63451519
1000211524
63940047
63529303
61552018
63773317
63955991
63967985
62867609
63718609
63990616
63910398
62114458
64008335
63639216
63753069
63256730
63957090
61972674
61744230
62956495
63630277
62027074
63492234
63997463
63937355
63086743
63948027
63956963
63904869
62208382
58850010
63893337
63686423
63996104
63687369
1000211296
63791776
63956996
1000210853
63988789
63064943
61559138
1000208462
63956977
62860333
63653561
63889346
63984818
63753333
63994464
63991245
63105657
63784350
63775416
63592309
63706198
58835321
63257290
63927019
63997771
63996026
63931562
63104968
63317001
63232553
64000139
63282040
63779746
63837642
63985696
63959560
63146689
64014992
63929435
1000210785
63952151
63982760
64024515
63950031
63357146
63976558
63925780
63487066
59576376
63725047
1000210303
63321226
63753163
1000210424
63879628
63951747
59671475
63961890
63991415
63893598
64018792
63772910
63986625
63038493
63662647
63686929
63053359
59022285
63933872
63892557
1000210830
63939265
63698966
63955456
63723771
63364077
63555763
1000211098
1000209080
63772283
63294969
63920888
62252856
63648534
63690308
1000208407
1000210365
63490482
63350136
63997669
62449966
62963437
57428419
63957923
63245307
63702991
63948066
63179409
63073965
63937110
63058051
63501767
63974589
63395551
63099780
63956300
60297829
61756790
63979783
63957931
63042886
63698093
63611952
63799858
63723213
63870578
63949113
63708627
63758451
62935131
63792061
63748184
63701855
58728127
63768643
63666080
63956999
63724513
63597745
1000210943
63716408
63891346
63654072
63751322
63343170
63177463
60328367
63900898
59576206
63972519
63232549
61494538
64012763
63560779
63112639
63924749
63485213
63946428
63055778
63986060
63875684
63940718
63887406
63949163
1000211051
1000208804
63304272
63931136
1000211456
63686984
63925287
63130825
63759346
63601365
63710256
63936314
63655361
64004796
63909486
63475902
1000207525
63308171
63561734
63554297
64000704
63636943
63967007
63935228
63077741
1000207751
63914307
63908292
63773301
63764707
63989842
63963786
63626271
63977098
63331219
63985986
63764131
1000207626
63052461
63629580
1000209044
64018180
63347922
62844873
63945566
63957609
63908945
63993158
63917171
63556751
1000210510
63658483
63975058
63873259
62739864
63908609
63954859
63948284
1000210858
63076073
63708693
63793838
63658536
63947493
1000211275
63780506
63179744
63925371
63917432
63987627
1000210764
1000210468
63743507
63959129
63569440
63378595
63974154
64009380
63021770
63966273
63932557
62897745
63966791
63975529
63162867
63996056
1000211204
63885771
1000208256
63662896
63269491
63962108
63465673
63391252
63906961
63864805
63802337
63421325
63914467
63987523
63944038
64000705
63357558
56546200
63879824
63976973
57448628
63796434
63496376
63768698
63994188
62953591
63537951
63512930
63504412
63535198
63750986
63548919
63651870
63274278
63220056
63493182
63975394
63328815
63133815
63574646
63684233
63852235
63885622
1000209079
64011496
62820478
63940930
63524301
63990078
63602043
63715926
1000207948
63138586
63302478
63692448
63737402
63109076
63367703
63708022
63899017
63653711
1000210906
63935538
63228182
63626241
63915116
63566739
63101251
63349122
63990198
1000208293
63976570
63919667
63300141
63827668
63878991
61537465
63059103
63531898
63038550
63904961
63933969
63943222
63333486
63683654
63544563
63996178
63462038
63902951
60557794
63627588
64012546
63992597
63661813
63482553
63980120
62856841
63688512
62796141
63609634
63496348
63977511
63509049
63719963
63940126
61106258
63592093
63994844
63553860
63991445
62905321
63671501
63985746
58653772
64006106
63334587
1000208025
63996640
63963681
63143573
63994625
64017325
62893362
63657498
63653346
1000209245
63749307
63839452
59108860
63773912
62863154
63806881
63208592
63996188
1000208663
63899901
63060656
63712572
64009412
63939013
63802653
57598019
61321785
63957935
63828139
63115457
63457325
63488102
63927720
63165628
63320537
63709543
1000210327
63595877
63414154
63246165
63998210
63909053
63767077
63730106
63749859
63759526
63911526
1000210971
61888337
63241669
63722043
63367916
1000211237
63520698
63465304
63972305
63994818
63160448
63998223
63707163
63993350
63558457
63740916
63411394
63991238
62443571
64000700
63998051
63290993
63882001
63993357
63906937
63417146
63659861
63681890
63769828
1000210602
63363962
63955286
62232165
63080616
63700042
63265087
63925899
63756871
63804224
63867514
62970480
63294906
57872563
63713642
63773874
63903800
63986742
63831899
63542436
63993501
63634885
63760298
63714280
63949547
63596315
63699467
63534788
63422506
1000207927
63886414
62910338
63962780
63532747
63596617
63008809
63994129
63996086
62387498
63728491
61560742
63880438
63698702
63758086
62827789
63702350
63757791
1000207627
64001244
58841965
63967383
63676696
63872883
63971962
63671697
1000200520
1000210794
63655613
64022400
63979095
63793747
63460943
63288242
63299277
63959351
63935151
63793148
63999418
1000208731
63705848
63958659
63985158
63410846
63960972
63554090
64003124
60568075
63797637
63704243
63999113
63161946
63526831
63969645
63573268
61299443
62929824
64024683
63985011
1000209085
63083592
63558998
63960993
63939932
59480759
63940606
63071060
63914946
63132667
63649929
62894182
63941695
63633477
63965653
63822033
63121739
63753866
62900336
63614364
63688028
63998823
63976075
63942296
63919022
63571272
63330942
63720945
64014187
63864262
63951393
63989008
63340991
64007097
63955177
63974228
63667510
63895352
61540558
63489917
62839975
63182274
63627237
63976649
63800178
63307364
63986154
1000208893
63384724
63978734
63739643
63803705
63903411
63965602
61521850
63947985
64010449
63923369
62992849
59428730
63535718
63155819
62904784
62930282
1000209049
63249351
63976481
63724454
63434132
63982973
63941929
63777769
1000207474
63955046
63577703
63951058
63776148
63766509
63745121
63631283
63797346
62968600
63634832
57289891
63571635
63733576
63990842
63799200
62271266
63026130
63704628
63950194
63759940
63734355
62216870
63340794
63897677
63787161
64006232
63842478
63623708
1000211653
63043324
63999390
63641125
62905242
63965280
63892518
64000231
63712681
63474907
63965980
63274870
63751267
63747905
63452080
63329920
62985396
63945387
63973318
63720993
63040538
63911694
63896118
63927863
63484572
60363670
63945027
63476225
63888001
63946316
1000208611
63926804
63936842
63992829
63504936
1000210852
63888784
63905242
63797663
63998304
62887033
63739843
63940220
60313974
64017472
63976433
63772419
63918953
63007214
63505698
1000207758
1000211444
63988328
59414303
63710242
63937818
63128361
63957272
63885675
62749137
63704533
63705817
63787050
1000208830
1000207856
60915912
63776290
63960051
1000210765
63913545
63782645
63969332
61746175
63944577
63553719
63962513
63983377
1000207896
63536734
63729997
63491337
1000211213
63509111
63762263
63092036
64004115
63839986
63205192
62910177
63814860
63537146
63427006
63959231
63949513
63941084
63488743
63965187
63988834
63760711
63991912
63983466
63722485
64023628
63931812
63440170
1000207857
63653824
63614382
63418598
63989836
1000210343
63877356
63915264
63554139
63994526
63960520
63975816
63755088
62242009
63328100
63451373
63851890
64024551
62830028
63724031
63975690
64024452
63791124
63751835
63898776
62872650
63068745
63933160
63784738
63971776
62916660
63987986
63488407
63962387
63933560
63986297
63928455
63348440
63107269
63930579
63742648
64023406
63540964
63704021
63953816
63908821
63966012
63778700
62917773
1000209167
63695315
63500517
63095035
63924886
63983357
1000210772
63953304
64012262
63662944
63871514
63924112
63071923
63461276
63265246
63959440
61073098
63989979
63887239
63961113
63273344
63727755
63520070
1000208537
63471515
62879900
62744831
63925529
63271474
63966764
62936177
63650575
63671578
63721664
62114943
63795580
63916071
63263028
63693574
58448858
63077453
63975439
63697319
63984632
63073724
61910373
63959099
63964837
62984041
63496971
63948976
63706913
61921220
1000210977
63451171
63995337
63997184
63697487
63945227
63959434
1000208409
63865092
62527241
63550956
63899329
63327437
63065064
63938063
63713552
63277744
63282839
63977401
63708818
63984599
63121265
62084344
63925896
63488439
63860196
63460581
63997474
1000208851
63925895
63756446
62944009
63757250
63341005
62938462
63777293
63995266
63650946
59334269
63623905
63893108
64024503
64024659
63181332
63244853
63723811
63711839
63893757
63475219
63922592
63731703
63941985
1000210761
62742689
63766994
63998479
63760260
62842229
63037194
63927225
62964142
63997642
63379060
63411185
63467466
62055232
63968515
63994117
63945977
63798402
63384844
63484880
63876627
63760472
63762140
1000210843
1000207033
63484613
63574322
63443018
63351573
63944885
63876074
63997730
63786463
63752393
63689879
63047529
63934419
62904401
63699139
63690682
63086909
63570537
63064425
1000210550
63327363
63866138
63491856
63745509
63883326
1000210635
63968916
63488495
1000208832
61334080
63974065
63582566
63188547
63989261
63802917
63661309
63876748
1000210480
63258420
63494542
63745416
63696745
63853658
63918298
1000204674
63751652
61354056
63993662
63665109
63310268
59380794
62826349
63852180
63662185
63483893
63909746
63700083
63991732
63983582
63510344
63533318
1000208993
63995764
63778179
63114664
63533311
63577772
63600715
63981839
63925542
63927028
61918370
63293047
63324047
63700255
63667824
63432710
63781722
63708925
1000210685
63965112
63673958
63494695
63990951
63704681
63996688
63641238
63964885
63757113
1000211526
63563148
62904800
62499369
64005760
63983298
63740754
61513899
63967825
63981558
63581549
63832205
63766158
63490663
64014245
63979911
63960298
63079331
63431594
63469423
63626529
57941322
63994176
63266144
63222556
60707894
63278373
63988596
63671109
61324344
63691304
1000211532
63746307
63794212
64022055
63988313
64023304
1000208601
63985885
63359667
63988319
63346758
63890323
63726887
63951296
63955602
63957975
63921680
63268914
62453273
63797718
1000210745
63725247
63891572
63352296
63774363
63551291
63728088
63114055
63998149
63553927
63431789
1000208916
63921695
62021652
58790817
63447480
63886350
63856554
63308631
63908102
63144536
63572728
63985347
63702658
63386104
63109818
63433984
63888418
61922042
63768183
64024770
63302074
63602994
63930026
63930054
63935575
63749869
63940763
63747117
63391179
1000210561
63148309
63937151
61924888
63690908
62993206
63350726
63769344
63654989
63337349
63360521
62949700
63668953
63241466
61939844
63888605
63783914
63575795
63637288
63977917
1000210656
62883202
62878478
63987647
63148706
64024474
63991284
63327800
63979429
62189818
63470752
63148483
63974615
63951087
63375205
56593346
63981010
63760850
63456013
63905595
63725065
63787317
63946202
64002176
63988403
63733056
63774473
63955381
63654850
63442932
63584651
63495800
63921863
63657130
63367200
63694904
62956257
63659239
63861580
63987855
63954253
63740898
63995954
63762439
62914619
64018960
1000210291
62957628
57989272
63922100
63679326
63480122
63936073
63973893
1000210185
63093883
63922080
63408525
63357433
63938568
63765495
63926280
63967181
63972662
63901081
63889396
64012280
63697251
63732460
63517475
63566989
63678214
1000210715
63970919
63864113
63155586
63936854
63782098
63658157
63756285
63731654
63940654
63733537
63668665
63911995
63060976
63715599
63935208
63999190
63920459
63946232
1000210250
63714774
63725630
63706694
63741316
63658063
64023084
63966233
63978516
63960228
63856721
63765780
63928382
1000211688
63797201
63390617
63647291
63349194
61324304
63720932
63793435
64010197
63794755
63571795
61563085
63982957
63514240
63926323
64001456
63905064
63690674
63981716
63528628
63919793
63976783
62274275
63994601
63703768
63079814
63987993
63676454
63974686
63378233
63939880
63970311
63961859
64023082
63608413
63715617
63136619
1000208309
63305247
1000208928
64021919
63783527
63360115
63703621
63927913
63903302
63747061
1000210322
63295309
62914200
64023914
63307505
63472126
63907833
63722205
63938712
63735949
63045710
63454622
63528444
63936962
57403023
63752316
63998669
60493310
63968358
63881619
63784698
63986277
63766776
63725730
1000211490
63117891
63992249
63932288
62921753
63198474
63979501
63808050
63764100
63600638
64010920
63958932
63164611
63333635
63775495
64023232
63928012
63546783
1000208460
62885588
63946120
61515055
63732723
63806299
1000210482
63799072
63997773
63954332
64000946
63707447
63079278
63298391
63552528
63752414
1000209165
63992472
63327231
63782330
63927967
63293967
63619018
1000210695
63983342
63969538
64010402
63576222
63947290
63998706
1000211400
63493067
63556328
63887555
63962606
63330866
63583072
63933667
63989283
63981679
62937846
63998204
63896728
63718898
63995562
62708691
63569888
63181697
63953599
63721348
63774361
63779339
63941458
63977221
63429556
63546707
63786013
63438599
63982670
63411508
63991034
63775589
1000208156
63232781
1000208134
63363934
1000208930
63848432
63702614
62305731
63862839
63524852
63903699
63927521
63088097
61689415
63286820
63539491
62887371
63937045
63956626
63851906
64024021
63937330
63921366
63972180
63980119
63951626
63921749
63985462
63927408
63341116
63956114
59094364
63789792
62765246
63982454
63654572
63294118
63095580
63978977
63323476
63055766
61720015
63972574
63701497
63730485
63857352
1000208170
63807070
1000210154
63760121
63792154
63172563
63752369
63780314
64011777
63945151
63970054
62862484
63743214
63769916
63769255
63265618
1000211647
64007999
63471178
63522883
63523572
1000210641
59704601
1000210982
62899773
63236645
63990308
63973501
63949328
64001858
62554341
62487682
63930322
63970528
63902244
63871983
63996335
1000210378
63122062
63954408
63471343
63807402
63513966
63470540
63556032
63875351
63931736
1000211390
63920508
1000210274
63913198
63942429
63154744
63712010
63721827
63788867
62664183
63953635
62915837
63505469
1000207897
63721429
63537147
63946457
63955081
62735204
63137089
63472217
63774034
63966200
63932223
62934436
63497090
63993721
1000210811
63030201
64010897
63130341
63678859
57957529
63174767
59126839
1000209084
61501995
63261662
63950605
63986300
63898593
63978005
1000210706
63749329
63484756
63775690
63983059
1000211407
63949137
63958250
63273801
1000211041
63964673
63716707
63921864
63931969
63675732
63777607
63972540
59678856
63958926
63941015
62030640
62861452
63553428
63413532
63960477
63176083
63653343
63856763
63306602
63939847
1000208115
63087457
63977215
1000208254
63745768
63060024
63767410
63827568
63986157
62891974
63119221
1000207594
1000211073
63879108
62771547
63974778
64009900
63901952
63864299
63670488
63924268
63976746
63941916
63946845
63959036
63571277
63477468
63581395
59646265
59032127
64024012
63991252
63605778
63726701
64024455
63746013
63919948
63782696
63449910
63966078
63718885
63989391
63946193
63926050
61926227
63938016
63709771
63907361
63958751
63947148
1000211040
63759144
63940906
63785642
63951354
63703708
62732228
1000208456
63775368
63666949
63779280
63605727
1000210184
63537421
62909580
63997893
63939900
1000209030
63935800
62972863
63993351
63875460
63998941
63922904
63998769
63544902
63724109
61848779
63957713
63583197
64022613
63295495
63931598
63917891
63779936
63111679
63659655
63308847
63692058
63554653
63740115
63741272
63694142
63983235
63942603
1000210916
63926684
59460509
62310092
63922820
1000210980
63917392
63442590
63057605
63389506
63996414
63954512
63928174
63995444
63747570
63913748
63993705
64004432
1000211257
63994288
1000208727
63162168
63507152
63732589
63902122
63206895
63471307
63994695
59470643
63077392
63965081
63625630
63968222
63740563
63319611
63837316
63956482
63379174
63398919
63662625
63983519
63530782
63911847
63667558
63527710
63946020
63709770
63258857
61840033
63498319
63710724
63676274
63864744
63329539
63961084
58053922
63971876
63764969
63702042
63270094
63954652
63879889
59975687
62892007
63182589
1000210249
63301135
58727257
63247233
63782999
63292378
63970204
63291500
63855212
63759659
63957152
63770157
63691907
63565626
1000208772
63779731
63456560
63509302
63931442
63969690
63467430
63627358
62917391
63506944
1000210890
63260933
63787129
63505264
1000211189
61551482
63226380
1000211229
63496952
63463500
63599991
63314009
63612588
62724324
61164569
63993617
63109009
61526819
63557875
64023215
63380552
62642027
63956872
63981363
63323624
62755577
63890338
62864518
63937701
62507708
63704829
63700327
62928809
63301541
63461324
1000208253
62770836
62229770
1000211141
63388763
63950546
62753747
63573802
63995898
63884830
63994594
1000210746
63077203
63673397
64018079
61740286
63968552
63788308
64001074
63946996
63934326
63741869
63925076
63190125
63254414
63543518
63966780
63385398
61521922
63704940
63956871
63520444
63989007
63986223
63768562
62950871
63385084
63983537
63279408
63739460
63461084
63634717
63610813
63553344
63970286
63980492
63982414
63979779
63852974
63857581
63714201
63983882
63444332
1000211388
63933022
63715070
62802199
63745242
63933257
63942032
63943562
1000208900
1000209765
63797543
63976131
59094700
63915639
63383231
63985943
63772999
63694654
1000208833
63961717
63708046
63831598
1000210527
1000210707
63553611
63360605
64011010
63698686
63697395
63429155
1000211445
62943126
63719613
63992825
63756357
63884817
64012436
62936132
63792783
63304412
63698742
62868534
63723955
63941377
63723717
63722959
63985216
63933121
63943517
63994135
60825426
63950135
63710892
63779668
63642944
1000210838
63968827
62761717
63944445
63965833
64024803
63938629
63264195
63738011
1000210925
63327887
63907195
63250525
63963515
63387790
63334471
63507639
63781691
63951619
63312426
1000210130
63749507
63988829
63993712
63694884
63374768
63245827
1000210681
63904521
63974670
63819952
63702988
63182765
63137010
63109048
1000210920
60736708
63257146
1000211174
63742755
63682933
63963255
63959570
63745001
63427744
56806549
63932423
63327393
63906830
63785423
63539967
63768826
63991049
63982488
63769169
63926878
63793491
63938822
1000207630
63981699
63751853
63735594
63689467
63998750
63332396
63668807
63550815
63505269
62316869
63716558
55813943
63949656
63899786
1000208554
63543126
63731094
63108308
63493785
1000211555
63942482
63099655
62896346
63633710
63949894
63088864
62160017
63990601
63783032
63624284
63979265
63091947
63733614
63329784
63444197
63660307
63633384
63094985
63118831
63846736
63535006
63490977
63999123
63689097
63654826
63732139
63962841
63595139
63937825
63760166
63894950
63703320
63593684
63324101
63739062
64023792
63621953
63317786
63276796
63697899
63754938
63944809
63165825
63948503
60690142
63807181
58980784
63188572
63789322
63945920
63954320
63580290
63657796
63926075
63132602
63533068
63478840
63942385
63976047
61424686
63223696
63977336
63957087
60015000
64003951
63965402
61945919
63174518
63703155
63788157
63338335
63954440
58548840
63963361
63973350
63980425
63595575
63976509
1000211185
63496803
63244598
63713015
63742119
63710042
63626039
63506331
63649569
63283471
63954699
63523950
63758190
63725699
1000210357
61349785
63887933
63141642
63796052
64011956
55804247
62359190
63712739
63479249
63724070
63285845
1000211397
60284965
1000208504
63164032
55859484
59407381
63170307
63595985
61516422
63827122
1000209284
63238770
63991308
63754438
63609123
63385645
1000209118
1000211057
63574952
63497350
61864305
63576981
63707057
63965741
63137332
63773999
63446837
64023898
63557206
61313654
62869885
63995602
63650471
63479095
63881347
62754217
63359919
63636263
63269973
63119992
59684946
63481066
63977620
63737653
63982395
62873984
63327532
63786681
63946353
63769327
63431106
1000211633
63164816
63283298
63952286
63972487
1000209127
61450191
63490678
63717975
63463412
63787069
1000208250
63515402
63764907
63716985
63287868
62736744
1000208246
63986080
62962182
63012410
63753620
63962187
63750273
63720168
63781041
63908435
1000210951
64001603
63547959
63922488
1000211150
63497887
1000207738
63555968
63813046
63953095
1000210584
63751633
1000210808
63556441
63530331
63463723
62734109
62926879
62919850
63151856
1000208710
63187091
63571613
63297500
63995599
63499352
63766877
63858603
63776851
63965923
63410340
63968531
63960622
63919757
63692806
63739742
63709783
63754957
63891886
63780142
59678911
58836953
63935325
63889269
63745521
63270403
64000881
63968892
63351988
63973574
63944838
63631127
63962494
63752838
63511162
63323311
63798877
63254225
63730460
63964516
63994537
63173654
62961128
63460119
64022831
63945413
63112117
63953023
63502874
63707635
63559286
63459151
1000208078
63984838
63683704
63923768
63368530
63980436
63505714
63955725
63792411
63786505
63721035
63949888
61538605
63694877
62953603
61283937
63028670
63953544
63675121
63506096
1000211244
63838834
63357541
63683165
63683502
63945490
63700456
63156568
61129287
59493116
63453342
62959309
63657866
63872338
63565091
63098903
63756609
63973812
61534296
63705481
62897202
63398773
63768963
63552127
63625052
63946058
64024443
63993366
64010936
63447554
63981773
63559634
63564904
62899628
63672710
63871678
63456022
63549645
63977885
63885610
62880268
63524089
63140136
63966548
63433414
63748207
63996912
63936289
63681961
63625909
63100616
63484944
63436437
63892338
63982298
63954543
63589655
63999997
62918247
63685883
63922667
62960510
61742089
1000211535
63786564
62284341
63802562
63628514
63990797
63972985
63937713
63890768
63971049
63181452
63170481
59509220
63997961
63677146
63968542
63946517
63856155
63721062
63938868
63914447
63498234
63720245
64023730
64000975
63867184
63486933
63130261
63650265
1000211321
63985251
63997848
63944962
63994953
63983054
63104208
64019594
63940233
61148622
1000211306
63997055
63767041
63564406
63653958
63708942
63489766
63980291
63759916
62923151
63983506
63942511
62915809
63975117
63731166
63038411
63937004
62874692
63726860
63961076
63975337
63300504
63996615
63300629
63316325
63921710
63929792
63923616
63628139
60467620
58953350
1000208019
63748837
63875372
63293775
63439709
63982520
63917721
63903704
61676940
1000208703
63786609
63755948
63099065
1000207963
63956160
1000208429
63783741
63986371
63976890
63984035
62100684
63639379
63331032
63217007
63551532
62838513
63172451
63502587
63960973
63760771
63911297
63769171
63902953
63634704
63956888
1000208417
63349115
61345647
63287493
63364486
63759529
63792969
63161875
63320641
63939894
63864402
63294884
64013964
63502274
63911066
63174984
63996139
64010597
63945721
63447476
63841269
63660985
63914314
63965123
62956287
63954789
63945432
63474274
59334959
1000211125
63965111
63917184
63664031
62811274
63402320
62878081
63514852
63298574
63741995
62918170
63988376
63901958
63973004
63654575
63957780
63475423
62736690
63943695
63919138
63994473
63998327
63922762
64023415
63950282
63075588
63893095
63311578
63489175
63223909
62911548
63994144
63970390
62932365
63121285
63735504
63965595
63550855
1000210479
63936402
63443132
64000729
63459009
63876403
63699463
1000208313
63872754
63168143
1000211188
63106201
63343372
63986443
63985972
63934833
63768622
63902786
63988608
62531626
63614649
63238617
63051771
63905699
63864876
63366383
63579504
63749043
63050310
63481709
63901964
63659105
59095875
1000211482
63724439
63779891
62872270
64006115
63558548
63312486
63775790
63954263
63852917
62964946
63679351
63588662
1000210927
63969108
63899813
63785991
63285486
63925700
63171209
63665975
63998607
63572470
63712990
64000076
63985002
62587632
1000208298
63737945
63251357
63933491
63737306
63664778
63926062
63771933
63998050
63898307
63928036
63634268
62882971
63732463
64024718
63976237
63998009
1000207894
63883524
63943118
63891960
1000211378
63474289
1000210474
63987796
63795683
62901414
63640769
63920803
63715805
63590804
63899254
63944877
63934079
63904591
63727248
63767143
63738374
60337092
63885614
63646348
63724936
63663980
61340639
63488380
63795469
63916094
63704280
63902498
63598427
60361810
63650167
63546080
63539952
1000210674
63713413
1000208430
63586236
63780121
63776132
63947934
1000207400
63980399
1000211422
63880409
63751849
63315024
63954816
63613261
63917359
63509386
63599533
63739311
1000209200
63493706
62960088
62986836
63995399
59499069
1000210188
63916392
63788817
63880725
63902602
63958888
63510469
63884820
1000208942
63671602
63965781
63496275
63418647
63927878
63948137
63749222
63955031
63749483
63623045
63537817
63993424
63657401
63632096
63655385
63972926
63995347
62938657
63928615
63581562
63947907
63802505
63950705
63763878
63989727
63524288
1000207398
63365040
63908245
63365958
64021270
63804545
63340710
63044934
63663159
63994269
63450133
63942260
63953534
63782648
62292150
63893291
63530379
63384276
1000211202
63895324
63101267
63940672
63866450
63111840
63961471
63953490
63278214
63994879
63920185
63944712
63325121
63677513
1000210320
63993214
63772911
63354734
61492679
63428477
63191022
63968355
1000210648
63271713
63699230
57650271
1000207801
63567583
63096018
63984026
63878783
63971588
64003801
63941432
63656904
62950249
63872708
63013270
63766155
63998305
63951851
62880624
1000211741
59004969
63119586
63689492
62880084
63928305
63787454
63317588
64008968
63946279
63696767
63262775
63971166
63979399
1000208862
63650344
63941642
63957215
63968728
63931077
63995487
63377144
63269909
63742353
63629536
63472669
63300385
63119627
63061472
56629267
63956384
63611798
63439269
63787458
63925705
63536606
63919029
64010003
63964728
63762180
1000208076
63445901
63936034
63685048
61469991
63618894
61773063
63054635
63721903
63736485
60313400
63474421
63918182
60506897
63993264
63668095
63707292
63737537
63974979
62955067
63979355
63981465
63275865
63551337
63976627
63969281
63696480
1000210571
63787666
62765712
1000209086
63749182
63642445
1000211265
63951748
63925408
63894161
63726854
63115440
63979454
63481165
63548122
63571816
63972357
63555516
63773595
63029708
63150781
63971510
63939027
63937025
1000208450
63774546
1000211419
63778719
63910982
63718979
1000208700
1000211160
63306615
63638809
62886933
63933272
63636801
63941276
63740057
63801051
63772302
63988148
63914144
63933392
63944981
63134237
63694825
63769324
61027404
63361297
63235527
63606353
63782795
62922141
61902876
62918678
63356849
63687091
63771762
63743419
63575723
63301995
1000207850
63341734
63985476
63998529
63417477
63565062
61318351
63440554
63975864
63754822
63728063
63416968
62918274
63950147
63590347
63147019
63550102
1000210960
63961209
63297704
63925820
1000210777
63696997
63966391
63341640
63982949
63785556
63716278
63604275
63411839
63505291
63393269
63969015
63601249
63466000
63744177
63561408
62951256
63342805
63884293
63592932
1000211513
1000207727
63951271
63945324
63727759
63947633
62040848
63781927
63962186
63962491
63752381
63984197
1000210844
63771895
63694175
63006066
63985584
1000208507
63694475
63581169
63714068
1000209160
63517789
63954393
63971840
63698376
63901600
63379065
61519868
63864124
63320218
63594227
62976208
63990934
63261247
63696174
1000211122
63412352
63628232
61351562
64024616
63940364
59940236
62733931
63745273
63996109
63981350
63755461
63783089
63960415
63714894
63664108
63966287
63114704
63359915
62854641
63723429
62907037
1000209067
63986077
63689706
1000208187
63996285
63700141
63938454
1000207936
63348275
63987617
63654477
63953047
59714642
63981019
63312937
63953550
63637157
63786957
63658082
63895557
63468757
63756389
58808657
63856084
63659176
63990533
63552325
62895301
63426312
58715473
58244213
63665696
63927714
63524300
63448591
63185287
63641676
63774100
1000207887
63993806
63689771
63925729
1000211361
63932076
64007721
63985360
63946968
63970160
63944927
63777630
63708329
63338234
63978647
63488947
64018835
63752858
63903313
63772922
63555699
63733762
63992446
63906592
62121393
1000210443
62893365
63529609
63348678
63925373
63735837
63352742
63933093
63452016
63676971
63782990
1000211754
62874053
63509231
63461188
63924093
63709727
63975542
63869511
63782009
63100370
63668280
60698463
1000210473
63537000
63791296
63650141
63748379
63887629
63893030
1000208247
63786726
63894128
63324350
63624971
63893069
63764084
63736343
62938740
63355840
63492148
63763499
1000211339
63157744
63728946
1000211180
62876625
63751430
64002760
63952733
63106275
63966740
63931403
63464358
63761316
63248450
1000210598
63994466
1000210888
63942524
63408140
63608156
63692358
63694589
63803631
63031284
63921348
63876431
63929085
63183352
63732052
62947475
63723506
63902270
58050430
63696149
63643669
63788873
1000210420
63229671
63961585
63931335
62979632
58836840
63978502
63984654
62963339
63567363
63632579
64008283
63456386
63296383
63704707
59531126
63200240
63443676
63369413
62963191
64014663
60317709
63238000
63946109
63887424
63985614
63995587
63712788
63677368
63699967
63785602
63093865
63921206
63016753
63682873
63561518
63390238
62301078
63930615
61017628
63985519
63964094
62729975
63930569
61854573
62890639
60442228
63045771
63935052
63953009
63646033
63977728
61909755
1000209013
1000211078
63094644
63575233
1000211566
63995411
63652780
63939118
63316904
63800561
63293604
63493155
63448075
63936924
63353524
59012074
63879589
63935244
63571441
63772103
1000210554
63955433
63001243
63859772
56597113
63780945
62748923
63346342
64021139
63933050
62952170
63543698
63675266
63456431
1000209162
63533252
63763559
63266703
63376599
63267116
63984902
63990774
63310297
63678492
63969543
63970940
63936127
63447410
63890037
63499483
63936483
62843901
63568339
1000211008
63686234
63787685
63720803
63276260
63165155
63258320
63502384
63976705
63959448
63468283
63926048
63966452
1000211527
63541014
1000208621
63515514
61872019
63903693
63989581
1000210402
63988943
63996968
63993654
1000210948
63981778
63565998
63267033
63918307
63700212
1000211045
63977324
1000208107
1000210304
63335637
63944198
63867835
63842831
63929926
63937141
63707833
1000210382
63567242
1000211494
63966905
63936822
63991100
63119689
63177540
61771979
63965529
63986684
63976779
63923946
63183335
63099486
63951153
63642558
63981383
63641247
63902980
63983643
63788614
63472980
63787245
63401178
63698213
63819010
63983767
63961629
63736757
64011205
63749981
63541005
63271778
63867815
62080180
63943301
63792760
62742353
63779022
63089124
63919218
61905105
63918627
63192809
63955369
63634255
63337055
1000211209
62897624
63945536
63515838
63359893
63884567
1000208842
63903495
63552135
62233355
63994723
63937504
63908044
63650450
63996505
63301530
63318766
63785233
63566483
63795403
63306500
63484063
63786650
63842350
63600731
63903477
63340122
63046275
1000209141
63977454
63473403
63701727
63924315
64022149
63284194
63965054
63786303
63327987
64008430
63982647
63033174
63498020
63746787
63759285
63550750
63316566
63993306
63732041
63994336
63967671
63540470
64024461
63790958
63967473
61752900
63521732
63678746
63777008
63787442
62947115
63915089
63753207
63935472
63530235
59434050
63417147
62954955
1000208590
63658540
63782321
63665303
63870521
63698598
63994255
1000208654
63302776
63921994
62486624
63565965
1000211246
63661638
63533269
63806350
63996584
63524957
63387679
63526223
63916405
63875002
63769623
63734365
63739032
1000210788
64002543
63609434
63897304
63992700
63779244
63885418
63721244
63743257
1000210394
63855072
63931023
63712342
63774930
62990300
63902275
1000208543
1000208275
63614200
64021874
63998029
63121179
63972311
63990834
62769640
63298031
62937798
63547287
63491735
63986485
63553422
63624155
63101323
63792107
63455190
62890886
1000210892
63581625
63747924
1000211542
63632840
63772831
63722610
60646208
63969830
1000211473
63931480
63958636
63787114
64021349
62069903
63999307
62121922
63901937
63050673
64006335
63964469
63303177
63148798
63844693
63805451
63976008
63702960
63986506
63955438
63737768
63966706
63946056
61338938
1000210818
63793510
1000211636
63431074
63510678
63660136
1000207983
59006042
64023177
63785762
63966330
63144444
63726676
62910734
63966410
63929258
64023798
63977416
63769634
63140906
63543337
63469218
64010631
63918820
1000207348
63994296
1000210994
63851865
63902814
63998220
61946730
63755389
63715972
63744771
63957143
63293138
63384522
63935405
63994332
1000210631
63989302
1000208008
63713416
63010498
63645510
63884493
63982682
63072750
63445936
63137339
63932460
1000211317
63975694
63739681
62925934
63805648
63970348
63328044
63992716
63648187
63694990
62554109
63378507
63950519
63798405
62555234
63592985
63777194
63571017
63754448
63744598
63928825
1000211080
1000210150
63855836
63509491
63702311
63557902
63777940
63873083
63919922
63760824
63965814
62993465
63951352
1000208917
63992672
63696364
63714685
63652146
63919568
63795357
63194051
63968913
63776560
63940885
1000208644
63461599
60668167
63889221
62218517
63931423
63633403
63741020
63576794
64006188
63913329
63759745
63990976
63339950
63714677
63457288
63866226
63991581
63274339
63930511
1000207353
63799835
62889788
63856565
1000211348
1000210832
63488784
1000208827
59449550
63987561
63665697
63623653
63873354
63765397
63787615
63307337
63447518
62959776
63528570
63996021
63584727
63998559
63082265
63963064
64024100
63937975
63339386
1000208481
59000836
63303887
63762193
59790231
63977769
63952259
59654564
63757680
63995687
63418415
63944440
63949206
63994245
64023204
63931371
63955701
63953703
63912637
63202850
63914450
63411112
63948771
63372731
63979443
63298392
63555934
63776737
63442967
63744623
64002950
63961157
63721770
63339176
63760082
63483847
63387067
63668883
62872116
63405421
1000208665
63563795
63305086
63921321
63554989
63959814
63926061
63738343
63963733
63537376
63954156
63872793
63365261
63650994
63096381
64019992
63990335
63960852
63973132
63517483
63961003
63973063
64001023
63763872
63755301
63600873
63910895
63724769
64003910
63986447
63805701
61351116
63768930
62928142
63874545
63747640
63795032
63128021
63922699
63988896
63272144
63547955
63998942
1000208926
63762625
63963852
63705226
63980444
62946602
63419784
63650379
63720319
63956666
63553299
63446302
63973882
63909709
1000208744
63256302
63768970
63907211
63055371
63942837
63296122
63989999
64022594
63648160
62692909
63516881
63965017
63639458
63930908
63987944
63804574
63972226
63880635
63983244
63797522
56550813
63777691
63763372
63983460
64000109
64023021
1000207641
63245799
64019620
63940678
63894774
63926142
63735902
63555569
63730024
63774830
63776442
62972160
63629044
63548661
63069746
63836808
1000211595
61937501
63069679
63120945
63972906
63699972
63740620
63498858
63529569
1000210469
63978217
63765068
63628339
63883359
63966807
63953793
1000207546
63475106
63563323
63253210
63797285
63902640
63976901
63717987
63708834
63872795
63120815
63896769
63746875
60734101
63556866
63686728
63941560
63755483
63998240
63533388
63823325
1000208713
62727755
63973023
1000207716
63636963
63506489
63729572
63890169
1000208151
63766329
63887188
63098003
63784773
63653594
63970809
63662808
63394811
63914165
63293359
60477843
1000210894
63725244
63862129
63927571
64014079
63134133
63739789
63893131
59783864
63574845
63985375
63909843
63283255
63982015
63723713
63090049
63878475
63747440
63956339
64009207
63233522
63884025
63940507
64021850
63991945
63518705
63946199
63707369
63475098
63048054
63059185
63753522
63988024
63990525
63699785
63537801
63518496
63585503
58517683
59008544
63177041
63738106
63662312
63146775
63987347
63465372
62873818
1000211258
62746599
63200245
59377330
64009631
63154872
63769134
62954959
1000210610
63722785
63270987
63958728
63801533
64019093
1000211486
63751339
1000211079
63558887
63340883
63472023
63995784
63666486
63292583
63590683
1000205883
63735981
63998608
63164700
63689384
1000208798
63502203
1000210409
63105750
63782519
63922174
63802633
63130309
63979300
63067716
63504580
63996690
63459224
63448397
63884618
63982535
63932495
63983227
1000210824
64023940
63694585
1000210351
63781985
1000210193
63775298
1000210875
64007592
63447926
1000210218
1000211062
63574679
63919525
63543204
63482965
64012709
62881943
63658859
61325100
63979060
63942388
63328404
58848425
63949135
60320979
1000207809
60408831
63423514
63611506
63870795
63717210
63901790
63982656
63984730
63993404
1000211380
61492081
63511310
63732493
63657924
64004809
63308709
63551247
63635131
63782936
63954224
63551432
63710313
59139704
63993963
1000210636
63353699
1000201875
62869781
63448232
63869327
63771416
63486233
63957119
63014376
63486654
63644907
63756148
63759164
63559238
63765930
63917483
63975594
63403249
1000211114
1000210872
63936301
63593501
63991969
63931103
63584829
63997939
63961152
63873232
63939977
63614569
63998144
63616060
63718489
63959237
63679131
63952097
63971059
63512589
63955299
63966107
63696172
58939361
63979065
63708864
60032899
63960176
63521409
63052577
64004679
61917896
63657946
63919322
62872756
63513369
63976960
63953646
1000207683
1000208370
63778940
63741001
1000206992
63355228
63345443
63994785
63791494
63988116
63434377
63902177
63364055
64023721
63496407
62744836
63424937
63451607
63645478
63966611
63962317
63741764
63757855
63967331
63308876
63965886
63695503
63736996
63780201
63857675
63929094
62863092
63961539
63657453
59146246
64010148
63029057
63570467
63944155
1000208751
63984979
63713559
63967958
1000208573
63979831
63969632
63927977
1000211549
56805185
63954482
63721628
63723604
63751493
1000209121
63181753
62959664
63335270
63662082
61765314
1000208425
63779888
62900236
63940873
63880239
63841070
63970208
63772307
63770763
1000210176
63864775
63939263
63662570
63588636
63736825
63420853
58587797
63521333
63516175
63344521
63889709
63192444
63947338
62916419
63985673
63970531
63480278
61970631
63803313
63260694
63854379
63930219
63965176
62762983
63697715
62739235
63692365
63784941
63755012
63780517
63965292
63996748
1000210545
63860070
63758580
1000210659
1000210887
63682989
63688025
63993408
63652919
63956177
63614132
63431768
64011546
63097846
63942452
63904059
63600103
63903071
63489752
63665932
63751060
63963317
63361423
63938617
63558737
62864591
63774651
63753676
63616390
63788895
63927682
63973610
63056663
62918671
63750920
63505329
63769225
63504837
63917209
63241355
63995035
63516784
63414579
63152744
63994838
62744290
63874822
1000208000
63964284
63985815
63903059
63443138
60877480
63960238
63076578
63183712
63568905
63442539
63803629
1000210740
63922751
63444365
63679667
63546614
63978780
63601663
63921933
63709049
63117011
63930426
63901553
63739394
63976850
63533422
63502612
63873731
61332224
63768868
1000210796
63464428
63959146
63635637
63380100
63966468
63970644
63938859
63806353
61555191
63719079
63913812
63662419
63784580
63991316
63367964
63712507
62487313
64009270
63791999
63359503
61046159
63719974
63806512
62976334
60472867
63929788
63444219
63979587
63383218
63942659
63991259
1000210292
63979296
63927879
62942321
61335368
63784122
63972469
63918718
63804679
63520199
59500067
63933740
63908000
63479147
63776454
63728081
63412405
63754259
62935148
63918536
63467090
63954534
63891918
63793589
63997095
63426752
63667398
63980324
63580487
62861692
56973565
62497392
63761500
63102887
62885933
63957383
63904145
62315421
63704514
57400276
1000211086
1000208383
62684501
62893577
63800648
63379988
63950050
63946013
63910596
63943466
63935697
63726480
63653213
62552349
61546843
63952643
63780003
63935129
63972504
63452043
62872723
63922705
63745643
63688757
62525215
63763357
63949729
63985678
63777821
63935095
63970391
63687123
63357946
1000208197
63250889
63954758
63660676
63493279
63528159
63964967
63841590
63100236
63101197
1000208739
63318608
62270542
59706832
62484012
63935508
63889192
63536390
63982811
63340738
63496821
63907843
64024885
63901396
1000211434
63694167
63922960
63483788
62286139
63361415
63951686
63795347
63922411
1000209038
63933536
62896398
63952941
1000211067
63282653
63772575
63726417
63883506
63873026
63942821
63771839
63975424
63337231
62948648
63648991
63352571
63298981
63712316
64009133
63289492
63865298
63335533
63559651
63339265
1000211585
63124084
1000211475
63989895
63699518
63990453
1000208838
1000208973
63679102
62465426
63804833
63785497
63954915
63659207
63992348
63936781
63071049
61298503
63995929
62895043
63985148
63110278
63749076
63558082
62870156
63273813
63993007
62293114
1000210417
63713077
63991341
63106557
63870820
63335536
63688647
63718880
62912397
64021960
63903320
63792196
63752102
63326633
63704115
63967638
63783194
63932951
1000210989
63584293
63253738
62911418
1000207862
63928609
63982798
64004060
63532404
63983912
63903290
61328176
63374376
62697888
63295849
64011410
64009813
63398826
63239880
63969908
63991201
63775260
63779729
63685362
63142736
1000211103
63657232
63585767
59868057
63390514
63956941
63878903
56020124
63619049
1000211094
63782189
63613643
62534807
63169087
63636232
63961074
63120597
64008369
61734665
63676238
63982848
63805535
63482150
63638835
63998617
63985960
63330539
1000210869
63985184
63701932
59795644
63645923
63945744
63242512
1000208894
63194280
63378452
63951878
63439337
63749077
63081850
63940731
63919279
63702096
63456153
63985715
63445769
63881137
59010804
63761160
63540582
63772777
63723668
63712925
1000208988
1000207688
63357833
63050620
62894482
62543726
63972654
63992507
63761966
63553200
63053879
63771298
63978216
62749732
63940633
63256939
63930850
63380199
63461880
63991873
63788457
63772992
63654529
63924612
63556439
63731561
63586896
63464035
63315926
63527595
63474243
63953895
56571343
62998106
63916278
63381840
1000208821
63401525
63178988
63955191
63357786
64012455
63946385
63483834
63777809
64024148
63902898
63997134
63984447
63979102
63689273
64014983
63761965
61548895
63966728
63852894
63661205
63962666
63882727
63660072
63688718
63898958
63998203
63666836
63340629
63934712
63513494
1000211520
62538359
63709372
63081382
63975846
63980657
1000211365
1000210579
1000208148
63762417
63252605
63892581
1000209101
63879410
63703479
63727234
63066464
63144440
63671354
61928172
62821975
63925100
63289438
63932429
63728594
1000211054
63663360
63520268
63536306
63717027
62964283
59027938
63635337
63910711
63711710
63552970
63880639
63443356
63939953
63323649
63880185
62911403
63792496
63473086
62861399
63953325
63544144
63787324
1000208563
63972137
63869618
63899623
62925220
63892111
63724603
63950747
63627428
63965777
62863635
63216405
63778466
63215899
63908164
63698536
63866512
63998387
62910649
63731513
63146779
63999247
63910071
63934517
63786391
62913874
63900727
63717866
64021948
63736451
63533055
63690998
63423654
1000210691
63938129
63948702
62840683
63664200
64024036
63989295
63935114
63372273
63101076
63176677
63789810
63901261
64023838
63924708
63497132
63150987
63785141
63696967
63972629
63455663
56607956
63735246
62916607
63484498
63971050
62102261
63575531
62089676
63624480
63735378
63567769
63281313
63916313
60056532
1000208304
63772690
63232919
64010499
63806611
63951985
1000210964
1000208063
63969218
63906290
63740748
63858477
63723496
63782403
63937869
64002986
63982562
63575485
60671879
63838155
61332550
63978015
63762506
63923507
63752451
63518967
1000210721
63069765
63932262
63895326
63967661
63985120
61497758
63987997
63988703
62902547
63736083
63693349
63940909
63687339
58651469
63946779
63979115
63998762
63651466
63973470
62976385
62890958
63549300
63974841
1000210751
63937318
63723920
63909157
63942249
63954623
63950419
63625735
63778353
63365245
63738176
64013856
63945478
63120487
64007282
61361771
63965532
63654380
63709624
63691628
63991580
63410534
63943499
1000211058
63940878
63937188
63509263
63717712
63571622
63107496
59454658
63557286
62891605
63237129
63723537
63458640
60477409
63698957
62770760
63981883
63137513
63992634
64023169
63786114
62870445
63924258
63713628
63445501
62812796
63740001
64007457
63343207
62166553
63283369
63663387
63719969
63640473
60508890
63245305
1000207458
63539800
63488853
63020858
63941244
63763768
63747558
63903728
63709872
63927423
63681932
63348439
63976171
63990942
1000207718
1000211170
63571704
63906858
63985624
1000208718
63582502
61922456
63907911
1000209090
63271082
63942155
63556426
63294502
63761934
63637473
63767790
63942433
63763480
63376167
62887636
63303119
63927087
63719652
63996007
63718259
60504343
63946270
1000210802
63797642
63965137
63744039
64024092
63953141
63460368
1000210856
63629746
59512663
62087342
63306409
63903366
1000211196
63128073
1000210886
63952143
63385822
63936888
63822692
63609310
63318966
63511149
62531043
63946117
63080959
62511854
63893390
1000210309
63973869
64007552
63950278
63996551
63056646
63483903
63098239
63981324
63946697
63579106
63867022
63913208
63998877
63918960
63842336
63935816
63695490
63954193
63916940
63080794
63881976
63756880
59706932
63988062
63081258
63759530
63929953
63488143
63964922
62970384
63167622
63906988
64018977
63299699
63976894
60631662
63096923
63931654
63184045
63683576
63654035
63920721
63330118
63990474
1000211346
63549429
63669083
63978495
63926661
63560907
63991590
63709253
63549273
63290748
63921330
64009080
63734618
63552559
62944704
63390788
63521923
63785202
63929999
63948927
62547133
63993930
63814104
63913184
63583900
63946760
64012240
1000208789
63407524
64011406
63785897
63976576
63970666
63648730
63926111
63511765
63958507
64024003
63905003
63749164
63256319
63511150
63968300
63939163
63608931
64001129
62852044
63343408
62890718
63947854
63750955
63659329
63765390
63370331
1000207994
1000210873
63114507
63137593
63981446
63430235
63435469
63933347
63476207
63642134
62947924
63731303
63781592
63994046
63573687
56547797
63659273
64006000
63652602
63661858
1000208015
63047440
63556028
63524689
63717658
58990268
63961814
63387985
63894618
63883866
1000211627
63245139
1000208937
63949911
1000211003
63838192
63780923
63992848
63894590
63509836
1000210542
62965507
63876130
63560543
63699572
63551436
1000210896
63947303
59477532
63927489
1000207925
62872844
1000210738
63780374
62878069
63990584
63465466
63689221
64004746
63102046
63558488
63774351
63060800
63610546
62868934
63960627
63279468
64018893
63949889
63614003
62935193
63762551
63894690
63879649
63553248
63912559
1000210427
62973364
59603024
63784741
63775688
63430692
63537592
1000210862
63958575
63871923
63890045
63940368
63701561
63922928
63332561
64011191
1000207532
63524493
1000208951
63932359
63945518
59912671
63947829
63694575
63925650
63993074
56763027
1000210231
62949718
63788997
63777484
63353827
63388873
63887001
63939270
63600773
63804356
63709574
59006452
61909993
63733557
63709730
63637608
63337183
63352451
63361478
63439531
63978106
62865036
62735997
62540300
63452994
1000211239
63042099
63983111
63858949
63913800
1000210952
64152543
64248179
64248515
64248607
64247322
64239572
64248600
64247339
64248565
64248448
64248508
64247044
64244938
64246167
64241085
64247180
64248669
64232230
64248451
64223143
64167120
64140083
64144288
64152472
64163132
64144591
64133562
64138951
64154989
64127636
64221789
64205231
64185929
64206171
64149053
64222210
64162768
64218684
64119733
64214760
63076782
64124573
64128790
64220206
64222637
64207069
64163553
64156992
64100820
64212381
64200173
64134185
64211291
64143373
64185904
64232152
64149749
64134808
64151800
64148475
64239286
64130887
64157683
64144128
64170711
64140491
64239581
64160054
64173092
64139241
64168398
64208981
64178473
64217857
64129982
64171643
64156896
64202408
64214997
64180257
64126445
64135003
64208928
64219332
64211040
64209713
64193992
64221501
64151506
64158353
64144264
64158358
64165741
64178026
64181777
64160832
64245667
64157510
64159174
64177992
64179158
64156605
64132591
64163503
64114273
64178421
64167252
64211668
64165394
64113574
64223566
64201045
64246300
64228408
64216719
64217768
64244021
64203568
64200267
64141076
64184225
64160115
64223934
64184916
64176308
64132590
64177011
64188501
64172740
64129913
64216329
64200824
64164411
64114902
64164101
64131135
64185462
64176562
64199479
64220394
64127753
64205897
64152288
64193120
64211036
64160303
64113924
64178486
64184493
64129772
64219554
64180122
64179606
64192184
64162838
64213783
64169310
64126604
64130064
64165360
64194735
64194735
64134713
64096471
64209344
64097353
64216778
64176978
64133046
64099206
64184150
64203058
64129807
64213652
64190033
64225713
63847433
61833875
64057298
64123396
64129851
64215545
64154315
64220524
64130294
64214041
64152757
64108879
64212069
64170246
64116356
64213276
64180263
64124586
64106180
64207309
64220778
64215300
64192552
64218160
64208737
64160749
64218020
64207775
64208499
64208121
64223925
64170375
64162469
64123952
64189616
64205675
64222002
64204878
64209079
64172721
64169706
64219961
64198819
64214660
64205524
62232165
62587632
64042394
62397568
63931766
63977922
63941589
64237797
64182434
61689415
64187684
64208576
64170835
64216606
64219581
64222273
64171940
64221690
64173703
64189084
62642027
64051643
62209548
64165038
64039290
62147865
64119914
64156718
64150068
64064167
64159276
64209738
64207788
64172026
64219535
64167322
64172810
64197398
64212126
64135605
64214366
64158388
64186301
64172426
64209201
64199515
64188180
64154334
64179772
64193143
64185851
64205257
64163300
64185534
64174741
64205894
64217356
64175241
64158281
64221263
64072170
64068790
62373114
64060977
63947290
64186685
62194937
64092660
64154551
64222583
64198156
64224462
64159656
64212399
64151932
64207128
64212490
64196147
64222555
64205356
64045370
64084533
62802199
62166377
64238377
64135901
64071566
64105964
64203280
64116204
64158828
64190839
64051011
64158715
64175805
64057296
64246691
64129086
64197533
64167448
64232280
64072053
64072846
64088703
64204980
64238190
64172128
64226913
64134765
64113230
64037949
64130326
64136977
64207935
64222148
64199964
64197421
64239218
64171195
64140816
64222555
64205356
64153756
64158708
64180821
64172351
64164647
64209371
64167238
64208006
64154025
64162250
64214520
64209655
64169676
64152597
64163066
64165125
64158718
64221971
64110774
64203214
64247352
64171332
64217584
64230206
64163094
64248805
64247881
64241261
64228651
64248348
64162015
64218877
64102982
64232563
64244939
64234306
64216250
64233671
64247695
64221289
64234775
64202926
64122546
64208102
64189972
64205508
64216249
64076310
64223949
64242836
64248304
64154051
64207248
64226365
64223489
64045521
64206897
64221694
64247617
64224722
64132646
64135162
64225251
64218048
64136234
64244479
64207888
64195135
64200415
64163522
64178456
64153243
64154651
64184462
64169152
64193807
64178680
64169225
64205634
64226966
64235824
64243113
64232038
64205863
64149684
64206039
64225531
64246893
64221670
64245545
64215358
64213398
64200816
64248632
64247342
64213570
64197360
64248844
64165712
64226348
64148477
64181794
64162963
64245392
64212337
64215104
64225893
64142518
64167227
64142385
64230647
64247417
64248667
64209049
64245486
64212631
64201633
64214029
64154753
64185671
64175494
64171703
64197489
64153345
64182674
64177371
64221849
64162197
64220448
64202807
64167131
64194236
64212813
64172060
64200484
64151741
64161513
64205769
64203935
64160845
64205892
64158751
64152968
64217131
64208958
64169384
64177971
64222919
64203132
64215596
64208655
64182031
64174947
64208337
64151633
64205569
64215744
64194248
64173350
64153311
64222397
64221705
64196135
64187715
64188204
64206973
64181705
64180604
64216164
64224480
64236940
64221528
64221169
64217407
64248736
64146332
64212088
64203873
64212954
64249088
64248262
64189480
64245441
64203989
64198744
64222488
64162050
64136386
64173839
64174493
64200405
64206431
64204332
64209554
64227702
64245601
64211837
64245157
64240620
64220097
64209958
64153797
64206602
64248595
64209580
64216560
64135619
64210203
64213860
64173484
64192386
64170781
64177505
64153695
64167845
64213521
64196707
64211000
64197501
64164519
64162031
64185962
64211769
64152847
64215710
64158233
64166841
64190051
64214790
64217099
64176889
64158794
64221922
64159346
64202851
64180907
64188474
64167429
64247586
64211649
64200455
64190712
64235631
64248556
64159780
64224806
64247268
64174336
64187581
64217202
64158412
64169132
64201208
64195013
64224411
64167156
64217016
64175798
64222076
64181255
64197014
64158615
64193840
64195842
64186491
64165204
64158998
64211467
64226940
64247524
64209808
64130623
61164569
64246921
64247471
64199055
64227134
64246858
64234034
64148201
64214038
64202703
64212059
64239199
64247450
64235369
64224619
64248148
64208930
64154152
64220071
64187601
64191935
64164310
64181474
64174415
64169681
64207891
64208314
64245480
64154897
64189033
64246905
64206509
64202403
64247497
64222101
64242681
64214048
64178238
64221806
64224656
64189950
64212037
64163937
64172238
64170236
64195322
64194676
64220259
64195580
64178347
64217728
64218182
64193710
64171637
64205767
64158467
64241403
64242878
64203359
64236560
64223635
64247726
64244213
64248658
64230642
64188907
64199384
64190075
64248636
64222661
64176454
64197484
64224082
64232493
64214643
64208290
64247841
64248445
64248653
64223687
64198607
64204960
64206707
64248937
64247376
64221923
64218008
64188452
64176434
64177216
64186456
64171716
64169521
64204073
64221310
64181077
64204073
64221310
64181077
64175100
64200708
64180292
64187814
64216520
64213606
64164336
64202813
64211496
64208621
64154571
64159147
64176909
64203858
64223891
64166114
64209593
64180333
64153322
64182453
64223448
64195518
64172020
64196218
64206679
64217634
64190467
64176933
64209826
64221393
64209193
64201380
64198694
64198563
64193611
64181868
64184108
64247376
64221923
64229272
64202837
64248702
64247360
64247711
64241966
64248467
64247378
64177147
64195185
64212163
64205320
64221508
64202547
64210367
64192428
64171988
64216524
64186197
64197937
64221133
64170095
64209420
64185129
64206575
64209136
64199745
64177380
64218672
64208840
64216354
64209288
64211108
64198373
64198733
64215256
64192914
64224260
64248410
64248130
64249150
64247802
64249171
64215306
64247599
64247854
64247365
64247337
64195709
64215665
64180671
64195535
64206406
64216517
64172345
64203613
64210827
64215402
64213598
64221762
64196641
64206144
64219277
64219572
64215107
64220276
64198644
64220707
64199833
64203474
64210676
64215226
64208853
64219740
64219052
64200777
64211023
64216486
64247043
64248809
64249350
64248615
64247466
64247806
64248744
64246703
64248773
64245831
64249288
64248249
64246564
64248609
64249202
64248278
64245036
64248729
64249286
64247764
64208240
64204186
64206585
64206829
64219634
64225527
64221106
64218786
64217376
64215281
64248542
64248376
64245123
64248275
64248868
64247515
64247088
64247825
64245547
64247759
64247558
64248272
64245961
64248995
64247095
64247580
64247957
64247968
64249298
64246789
64213103
64203175
64215260
64212523
64221241
64216587
64214847
64201579
64221299
64217831
64210090
64213780
64221315
64244924
64206586
64222425
64223645
64222540
64208059
64204193
64209750
64205915
64213870
64224819
64224429
64202610
64202716
64211766
64205579
64212131
64221217
64205476
64206272
64224268
64208601
64219128
64219375
64213884
64202815
64212222
64247074
64248785
64248867
64246764
64247490
64248640
64249096
64246650
64246329
64248843
64211412
64211492
64208261
64211560
64206386
64211480
64202806
64206722
64203124
64214776
64211716
64217234
64210908
64224282
64215563
64217932
64206187
64218851
64202375
64213832
64223568
64216369
64217975
64224120
64210679
64218816
64213912
64222074
64224125
64205267
64246922
64247436
64248181
64248917
64248999
64247075
64246027
64247949
64247595
64248602
64248602
64247834
64246024
64248291
64247277
64246665
64249143
64248489
64247367
64248254
64218219
64217524
64208952
64222478
64205662
64220954
64213061
64199504
64172332
64189598
64247121
64247542
64248420
64246987
64248521
64247199
64248991
64247765
64245988
64210044
64203826
64197493
64202795
64188679
62359190
64245701
61687848
64096246
64204938
64215251
64215251
64247440
64248475
64243373
64136292
64193591
64234339
64248701
64246372
64208069
64189598
64190241
64210803
64200317
64220679
64197644
64208765
64181173
64195378
64214880
64228469
64232832
64191734
64218767
64217512
64226906
64213793
64202452
64199552
64230464
64230464
64237886
64245623
64244489
64241250
64139960
64235975
64224406
64223809
64133242
64221958
64230474
64203971
64246246
64240321
64204688
64245025
64209160
64248155
64240657
64230110
64248836
64245568
64248873
64198399
64220523
64226026
64213846
64248159
64247597
64213012
64247456
64225722
64245125
64247399
64248647
64246736
64248121
64248240
64248664
64222472
64218935
64211061
64203947
64205447
64079430
64157052
64205290
64177222
64084445
64220542
64102323
64160401
64105518
64219490
64191119
64193438
64179156
64159175
64200214
64164942
64180523
64181897
64219574
64207879
64161584
64159421
64168840
64174012
64199070
64159107
64219129
64175110
64181145
64184853
64194726
64217010
64200378
64176991
64168926
64247071
64249337
64247907
64248260
64248718
64249316
64248128
64247876
64144170
64199855
64224497
64205819
64246900
64249296
64248567
63985148
64248551
64224579
64047325
64222341
64214109
64206842
64223383
63862957
63907779
63902051
63960091
63962910
63984129
64000436
64002012
63999197
64011251
64016966
64025054
64022665
64094410
64144252
64214344
64207317
64135587
64028341
64199010
64247463
64061095
64193002
64037135
64134169
64140852
64044539
64192028
64163078
64191794
64204517
64214022
64190334
64203104
64219673
64180603
64203332
64223890
64214606
64214395
64202844
64169806
64221212
64200799
64210677
64184598
64181172
64116446
64151900
64225598
64086292
64244502
64214694
64209354
64186340
64067856
64235774
64094914
64110773
64123553
63971876
64075758
64129635
64126335
64167581
64139855
64148948
64169844
64142098
64145386
64221967
64072286
64051687
64031383
64205098
64086974
64108146
64128428
64114513
64248126
64224099
64134348
64142140
64219044
64192247
64125886
64213786
64091643
64196595
64245678
64101626
64230277
64097400
64099088
64040727
64177467
64030793
64137106
64170379
64234634
64206265
64199793
64220041
64179176
64223375
64128079
64160007
64235619
64240063
64180281
64046506
64114382
64112474
64052082
64106846
64223554
64208089
64213716
64214196
64222291
64222092
64057232
64186676
64067522
64114367
64133853
64066201
64155368
64164605
64232362
64128538
64177729
64047055
64075410
64222575
64161025
64155063
64232362
64128538
64177729
64047055
64075410
64222575
64161025
64155063
64137435
64245556
64129247
64163240
64150729
64118453
64199103
64233511
64185555
64235816
64159676
64102629
64222861
64225826
64201752
64211274
64152989
64225664
64117527
64228525
64162630
64224494
64146177
64062874
64221614
64193918
64182427
64198601
64061018
64076816
64168232
64061966
64135032
64229002
64246648
64085806
64096916
64238274
64140846
64221137
64095196
64151515
64177465
64131784
64142116
64211298
64023169
64176844
64180284
64228448
64193553
64248685
64139519
64170955
64097454
64243489
64146543
64248792
64169929
64188814
64223863
64247489
64198632
64197856
64227919
64199807
64247943
64179805
64208255
64168558
64191041
64173603
64248354
64200040
64156365
64247544
64211222
64177312
64172460
64209387
64246280
64163909
64245453
64182144
64216046
64195732
64177675
64221893
64188528
64246718
64147741
64211481
64247619
64174786
64248493
64177745
64180159
64248082
64226287
64244524
64247448
64247831
64245943
64248378
64245957
64248407
64245671
64248455
64247951
64245047
64245410
64245587
64247318
64245646
64247415
64246923
64247760
64246286
64248524
64246373
64247485
64248575
64247864
64246237
64247454
64247800
64246633
64248679
64246196
64246951
64248614
64246138
64248457
64247111
64248571
64247054
64245537
64247805
64248804
64248883
64145152
64217685
64175448
64091635
64246382
64092564
64166905
64232533
64248528
64248124
64177910
