60808749
60788562
60905904
59683661
60494920
60585745
56644170
60670048
60811851
60878174
59006042
60918049
60907791
60535068
60903187
59879525
60818400
60890118
60872767
60700250
60867152
60798710
60907473
60910594
60922762
60913466
60363670
60793699
60904830
60831239
60917172
60812376
60901621
60872370
60850484
60871480
60814173
60815658
60889908
60909404
60909624
60907021
60695128
60215017
60873249
60904254
60743358
60915104
60921693
60785594
60884878
58953350
60683848
60880594
60887118
60924758
58413335
60544332
60899216
60924094
57400276
60896314
60900564
60867333
60887350
60909201
60893388
60925126
60873868
60875639
60678912
60871164
60914667
60869579
60899611
60900277
60926155
60361810
60876801
60871813
60735270
60898051
60919591
60689429
60912672
60922392
59380794
60770830
60859362
60665636
60575919
60474527
60923077
60905715
56569397
60887810
60685894
60894875
60893075
60920581
60798523
60419748
60860256
60895757
60777039
60916933
60889644
60923466
60924419
60698164
60818460
60229852
60909339
60761180
59706932
60907711
60785238
60915207
60146316
60873983
60702500
60875988
60871078
60847829
60874877
60908137
60743091
60646208
60773722
60916823
60383315
60876711
60475273
60905482
60861041
60443132
60876960
56805185
60838822
60871345
60783618
60905015
60754582
60925595
60920949
59561846
60918121
60909274
57963911
59590875
59108860
60896783
60871988
60911336
60874610
60515592
60908982
60884936
60891844
60922987
56603414
60638166
60765194
60889852
60909715
60903366
60432034
60872096
60926330
60581022
60782024
60886775
60902596
60756477
60519022
60925075
60903318
60870358
57227329
60907683
60836959
60697803
60912855
60858614
60865883
60785326
60883198
58816075
60896832
60867021
60792945
60881440
60923059
60865042
60434626
60875372
60278927
60878524
59795644
60871834
60899302
60797734
60890225
60750445
60857754
60913903
60877532
60920422
60924360
60923128
60366403
60811890
60760448
60916066
60765188
60846485
60639202
60925135
60755974
60806355
60901309
60748657
60898308
58573543
60875705
56979791
60907494
60895255
60908105
60907446
60663849
60901119
58727257
60901048
60884665
60878431
59456444
60856582
60470914
60804462
60897617
60901296
60913993
60901816
60788173
60907276
60878182
60537502
60421738
60905444
60527800
60863961
60849036
60919606
60414199
60909377
60861002
60914519
60924382
60777245
60756820
60895212
60611624
60893166
60683196
60819771
60902718
60243682
60705894
60894215
60923028
59975687
60869457
60628183
60906388
60873917
60838085
60872002
60694308
60832209
60907726
60871690
60865438
60909786
60850550
60685727
60509408
58653772
58351109
58835321
60844299
60892705
60752127
60854947
60870054
60867691
56571343
60889348
60910463
60894605
60635177
60870768
60845419
60448311
60847224
60906978
60871408
60708094
60734101
60623613
60839009
60870653
60892707
60001503
60331810
60841332
60527289
60895850
60629450
60679103
60778197
60664412
60458211
60924372
60828837
60924729
60922949
60890335
60877423
60720952
60902132
60496534
60551169
60830282
60906464
60467620
60802110
60885156
60799704
58715473
60878637
60904188
60631001
60434040
60358747
59129881
60916489
60896892
60800156
60866538
58576672
56620856
60759957
60891519
60830974
60868706
60885085
60873186
60701425
60905487
60879126
60211097
60880698
60871106
60797037
60871025
59654564
60922593
60421253
60823518
60863254
60915062
59659124
60704243
60578207
60900024
60925191
60486151
60743745
58886089
60867460
60913529
60780319
59958038
60504343
60915014
60864808
58448858
60580900
60897484
60907630
60908825
60840013
60672570
60896363
60702705
60697984
60896761
60923607
60892247
56785264
60903235
60864556
59499069
60887367
60621977
60899540
60822911
60070052
60440387
60668169
60905421
60733917
60867028
60801527
60763726
60821497
60758560
60890021
60841315
60799362
60744709
60870674
60868416
60899646
60895489
60836653
60691527
60922964
60909085
60467639
60529391
60919260
60717696
60838387
60898805
60921886
60913718
59500067
60828171
60818085
60785868
60900943
60862951
60926080
60889730
60897364
60419258
60856443
60791481
60923120
60610082
60872184
60751201
60680002
60856463
60893729
55803395
60818608
60897808
60871493
60689707
58803466
60808155
60906333
60472234
60692086
60909874
60915181
60865843
60885189
60723567
60745770
60915506
60903142
60854077
60896743
60842087
60818171
60751441
60818481
60924743
60761548
60836515
60878116
59377330
60890873
60886990
60416784
60913539
59334959
60858880
60901687
60914988
60911983
60910812
60629029
58050430
60838899
60919361
60708134
60694437
60554006
60778952
60604480
60755826
60886761
60905417
60490454
60805015
60820658
60856612
60487621
60918074
60862502
60675720
60575392
60910943
60891310
60742095
60924083
60554312
60535344
60818795
60872409
60912479
60886789
60883760
60886702
60923862
60911399
60651778
60924128
60857680
60919452
60893977
60798791
60869037
60702542
60914940
60313974
60904439
60872512
60819318
60730899
60644979
60864834
60796016
60357111
60889912
60672876
59312708
60906248
60925058
60818833
59694255
60794558
60765440
60908802
60904157
60790107
60551090
60879281
60924386
60671879
60832653
60685275
60695155
60743915
60917909
60485280
60893842
60855266
60856691
60819474
60454888
60885617
60915912
60707837
59032127
60909523
60912291
60755198
60895662
60707894
60667451
59470643
60869640
60907183
60898858
60821175
60910506
60836906
60750122
60864402
60872264
60300825
60468105
59576376
60492838
60894337
60810765
60924441
60904904
60892653
60856634
59704601
60741983
60897365
60802915
60905060
59415021
60903610
60328367
60905213
60855269
60923095
60895665
60870838
60909851
60916360
60802662
59678856
60833859
60889454
59709925
59414303
59684946
60877770
60884713
60656962
60924552
60921235
60909771
60922956
57872563
60730108
59372522
60885585
60882225
60894213
60796798
60903653
60648403
59099405
60839643
60896907
60921683
60632907
60447984
60810989
60893211
60909512
60898947
60882003
60779959
60807693
60907754
60907071
60735346
60895326
60779406
58975682
60814710
60839825
60850651
60813102
60865179
60588314
60898864
60892075
60891765
60894338
60611436
60869789
60872170
60619516
60878860
60867520
60892678
60674653
60789508
58836840
60641519
59053395
58244213
60525793
60870092
60690732
60923563
60805219
60882658
60919780
60909432
60886532
60922184
60851376
60894312
60887129
60826977
60433395
56973565
60689505
60900281
60703167
60536995
60888608
60909810
60562084
56806549
60699824
60478437
60914830
60903226
59678911
60708116
60887618
60889631
60904592
58548840
60660228
60875582
60914541
60909385
60672702
60809141
59382757
60579105
60925040
59646265
60772431
60317709
60555953
60792107
60895559
59576206
60897764
60386866
60493618
60675100
60707454
60896886
58778214
60548116
60778419
60711315
60918189
60824344
60805825
60901338
60922345
60918056
60864624
60357170
60860364
60787794
60901835
60878214
60914668
60900842
60848352
60866008
60876788
60890339
60921216
60891396
56629267
60916202
60870889
60867035
59548576
60914936
60829544
60870093
60643270
60865106
60515434
60915052
60903227
60581578
60905709
60923564
60448678
60631662
58939361
60887631
60874497
60708488
60832695
60885110
59714642
60893323
60837793
59095875
60908375
60875395
60056532
60831472
60492899
60908752
60907101
60925249
60870273
60569844
60405787
60915494
60880572
60868869
60896334
60913691
60887525
60914979
60913508
60732549
60867985
60145614
60402980
60603781
60631722
60500806
60909515
60922352
60915962
60403952
60872683
60870997
60860351
60869961
60680274
60885024
60697493
60896474
60799027
60681578
60925103
60878656
58779297
60887503
60297829
60879426
60903981
60603103
60506874
60911000
60844124
60807944
60591880
60432524
60705273
60894216
60877286
60923151
60924151
60821817
60745863
60899578
60918892
60882320
60761181
60487810
60866686
60433636
60871047
60621725
60555529
59603024
60864825
60923795
60684454
58779736
60869027
60425500
60709129
60676507
60910532
60741536
60913212
60868017
60706074
60916096
60887508
60778288
60474813
60740219
60875345
60912189
60784299
60912390
60705988
60039325
60838411
60885065
60917227
60862770
60924263
60864805
60914598
60613331
60705326
60544756
60919499
60881248
60799416
60925861
60661496
60919488
60905946
60722403
60881852
60634781
59589241
60780012
58806220
60624364
60441194
60725964
60915777
60875327
60707035
60925477
60907577
59006452
60915742
60851192
60870083
60771492
59671717
60858829
60913786
60866430
60641753
60844249
60824724
60910765
60919744
60925076
60884768
60909250
60731134
60431733
60881093
60484812
60753725
60887504
60902937
58583081
60893244
60883823
59509220
60889205
60909477
60910844
60910546
60719839
60889930
60884063
60920050
60863526
60383347
60914686
60926341
60915700
60703971
60839024
60638665
60925111
60836655
60830964
59127066
56546200
60652305
60912129
58934551
60893318
60626279
60919476
60543699
60865696
60746943
60803421
60862401
60499156
56550813
60913042
60384831
60685203
60912622
60912676
60901974
60869358
59094364
60910832
60819468
60896782
60867401
60898968
60912648
59790231
60905097
60745644
60902050
60881819
60892645
60903116
60496038
60632079
58836406
60923279
60916223
60833216
60906971
60921284
60878325
60925248
60859605
60900092
60743389
60883809
60921093
60895901
60883231
60902816
60797770
60630854
60896508
60902281
60905712
60407960
60885060
60875412
59500694
60797763
60922199
60924732
60875315
60817844
60912085
60786825
60894544
60610329
60759776
58053922
60863889
60898965
60907722
60893879
60780280
60902137
60885365
60015000
60700399
60905403
60907654
60842022
60608648
60846040
60521625
60618967
60689958
60907732
60886436
60710874
60813338
60888930
60917837
60892946
60903396
60868145
60796212
60895770
60901147
60419735
60157576
60881065
59027938
60454793
60914643
60844876
60911424
60909245
60544592
60882133
56597113
60448648
60671171
56603213
60503751
60913804
60687156
60877179
60433391
60894554
60876494
60446582
60585227
60860281
60924131
59640273
60867386
59126839
60434848
60884350
60887745
60915979
60905478
58766014
60873694
60921142
60648271
60910073
60900155
60644675
60898767
60904666
60718290
60921820
60548111
57448628
60925952
60311028
58990268
60888045
56550705
59334269
60774959
57403023
60855202
60924116
60869807
60877811
60560114
60816436
60863203
56593346
58657028
60722406
60862588
60835164
60822793
60901346
60727880
60452366
60916640
60869190
59579368
60879047
60920233
59192352
60910391
60905055
60890373
60320979
60869929
60625782
60698463
60826478
60909360
60895366
60439576
60737264
60796293
60924446
60893377
60844779
60679051
60921633
56763027
60729724
59449550
60874498
60903014
60827007
60923152
60915308
55813943
60863038
60851971
60904770
60780570
60913957
60905289
60684273
60681261
60404633
60902062
60900232
60855690
60734941
60754749
60914063
60901772
60886063
60483001
60700774
60881071
60791803
60683234
60631897
60896933
60872258
58831918
60907879
60921537
60775019
60891891
60777752
60921647
60679508
60907228
60925000
60659949
60688451
60684654
60922971
60913449
60863388
60907153
60900056
60715861
60877699
60689037
60926126
60918217
60887769
60919551
59291526
59695042
60790128
60902838
60913398
60864663
60904810
60880106
60865751
60883353
60814722
60912208
60918789
60908147
60863478
59139704
60801974
60905583
60696526
60912351
60925424
60906168
60695228
60894762
60879450
59353212
60915026
60922350
60905746
60916182
58848425
60889333
60868792
60337092
60723122
60676101
60605487
60906931
60200404
60743550
60913440
60899442
60865317
60909273
60899751
60865308
60925051
60918958
60918002
60918965
60892409
60688971
60914568
60783555
60819450
60895041
60876440
60925662
60355906
60902846
60694871
60472867
60891488
60906465
60859116
60896724
60869937
60881774
60866815
60645670
60871756
60782516
60828964
60906904
60909827
60889073
60692012
60923421
60723106
60848365
59008544
59090000
60910937
60922531
60897763
60867202
60872157
60926292
60907521
60834743
60690142
60876429
60924078
60284965
60880755
60795245
60508784
60872427
60923929
60141462
59806166
60905752
60926124
60763098
60867351
60069562
60890491
60628011
60889081
60916244
60911315
60684285
60899700
60821641
60627437
60688773
60661778
60923866
60922305
60527631
60681467
60807293
60597240
60897081
60908979
60524108
60671018
60903056
60880718
60926422
60700901
60717047
60818126
60648834
60899520
60886888
60716873
60915759
60434481
60909406
60695979
60878128
60711237
60912658
60899325
58941848
60921344
60890832
60874787
60681815
60683640
60516650
60863502
60925633
59766095
60895192
60890333
60616197
59900236
60900877
60891804
60884831
60792214
60918668
60500282
60922832
60870433
60914868
60777963
60757329
60926178
60898707
60886195
60870459
60483005
60904940
55804247
60926044
60034026
60176269
60925210
60911218
60902058
60648388
60871269
60899165
60912212
60678003
59638440
60884061
60923464
60890219
60901078
60878957
60915688
60887633
60923706
60905135
60901374
60912813
60688344
60712373
60752450
60901379
60203530
60675739
60901115
60447153
60906304
60887137
60895415
60878492
60864550
60681160
60885033
60538102
59905880
60925645
60704456
60923134
60865255
60825217
60901554
60510265
60915783
60905242
60912540
60917280
60690461
60905747
60889215
60557954
60878273
60872704
60639134
60903421
60896507
60493304
60874493
60903964
60924272
60808626
60879138
60877900
60889604
60916056
60909722
60913615
60841881
60792406
60681569
60693250
60912340
60510855
60478488
60886351
60798533
60818884
60692984
60860337
60925380
60620761
60917163
60828843
60925239
60882176
60893221
60535360
60614716
60912482
60633304
60675717
56020124
58835435
60578030
58841965
60911227
60912101
60799333
60418572
60538010
60687913
60609500
60777812
60907972
60875658
59012074
60879654
60865299
60909812
58918611
60889065
60825701
60687078
60885564
60523165
60434265
60783823
59831293
60850750
60925978
60884356
60914892
57405431
60806795
60888788
60885209
60920926
60907810
60886161
60878908
60837147
60770972
60908901
60635764
60894752
60915029
60878412
60879241
60871999
60913286
60879406
60850596
60911932
60122410
60904930
60881684
60905719
60554615
60624928
60894728
60913855
58040389
60917896
60882312
60784020
58728127
60917747
60859597
60905384
60880390
60518088
60583321
60926193
60619405
60856219
60893876
60919226
60873653
60848722
60919863
60001749
58800796
60925088
60477843
60813913
59407381
60887014
60921026
60869418
60509060
60877502
60618018
60683150
60874650
60730188
60909222
60908484
60922898
60836830
60923618
60901691
60919058
60909893
60926563
60557794
60877690
60744774
60802359
60889648
60871117
60897581
60835986
60905762
60907206
59063281
60477311
60913663
60672246
60872470
60870717
60880040
60477409
60926032
60884320
60843722
60905643
60911103
60907899
60925714
60881519
60664442
59454658
60313400
60900857
60915968
60693104
59940236
60888815
60881653
60623966
60926332
60568075
60913291
60810439
60787858
60699786
60852972
60909682
60799601
60895544
60888025
59606634
60892938
60871167
60905085
60821605
60919550
60924235
60915171
60709907
60573518
60692352
59947050
60881536
60811741
60392978
60866289
60915775
60908416
60922795
60857796
60912560
60822419
60847949
60746349
60541827
60762639
60901459
60689677
60902986
60709589
59434050
60885172
60905401
60914504
60883504
60871473
60878896
60874529
60917931
60886764
60871223
60912182
60841807
60706505
60890935
60467288
60860282
60924795
60884998
60818883
60697517
60549474
60890307
60621042
60128380
60921165
60889992
59010202
60710381
60889515
60808749
60788562
60905904
59683661
60494920
60585745
56644170
60670048
60811851
60878174
59006042
60918049
60907791
60535068
60903187
59879525
60818400
60890118
60872767
60700250
60867152
60798710
60907473
60910594
60922762
60913466
60363670
60793699
60904830
60831239
60917172
60812376
60887278
60910543
60904484
60863679
60917248
60689966
60673350
60297488
60913610
60689783
60558126
60790381
60435297
60607672
60913614
60672335
58252678
60736708
60435617
60906939
60905165
60913738
60723865
60911606
60701684
60922226
59912671
60903129
60913544
60887965
60684222
60901621
60872370
60850484
60871480
60814173
60815658
60889908
60909404
60909624
60907021
60695128
60215017
60873249
60904254
60743358
60915104
60921693
60785594
60884878
58953350
60683848
60880594
60887118
60924758
58413335
60544332
60899216
60924094
57400276
60896314
60900564
60867333
60876471
60919684
58665743
56918275
60900750
60890418
59460509
60907987
60884580
60924256
60867854
60911146
60737939
60874368
60916882
60874470
60513249
60271232
60823571
60876387
60897539
60794544
60701485
60482834
60645346
60882153
60879053
60899778
60701327
60870966
60493766
58980784
60887350
60909201
60893388
60925126
60873868
60875639
60678912
60871164
60914667
60869579
60899611
60900277
60926155
60361810
60876801
60871813
60735270
60898051
60919591
60689429
60912672
60922392
59380794
60770830
60859362
60665636
60575919
60474527
60923077
60905715
56569397
60887810
60685894
60909068
60887189
59941341
60788475
60780261
60910550
60878885
60906991
60889994
60860775
60920358
60903808
59010804
60865706
60823753
60796810
60802145
60820006
60860744
60910554
60880199
58989147
60533339
60906378
60474430
60755410
60864890
60922438
60906446
60783837
59248677
60897192
60886499
60894875
60893075
60920581
60798523
60419748
60860256
60895757
60777039
60916933
60889644
60923466
60924419
60698164
60818460
60229852
60909339
60761180
59706932
60907711
60570482
60900886
60908230
60789066
60611390
60907548
60669704
60394774
60915796
60900403
60704589
60886466
60869677
57941322
58517683
60909899
60872049
60890709
60908908
60785238
60915207
60146316
60873983
60702500
60875988
60871078
60847829
60874877
60908137
60743091
60646208
60773722
60916823
60383315
60876711
60475273
60905482
60861041
60675046
60843636
60651186
60803304
60374118
60847261
60385585
60260728
60892165
60862860
60741025
60883529
60903093
60445395
57989272
60892343
60443132
60876960
56805185
60838822
60871345
60783618
60905015
60754582
60925595
60920949
59561846
60918121
60909274
57963911
59590875
59108860
60896783
60871988
60911336
60874610
60515592
60873460
60870299
60894077
60912304
60660574
60862758
60886443
60863288
60859761
60918158
60863664
60861939
60732149
60679753
60897213
60908982
60884936
60891844
60922987
56603414
60638166
60765194
60889852
60909715
60903366
60432034
60872096
60926330
60581022
60782024
60886775
60902596
60756477
60519022
60925075
60903318
60485931
60877564
60750571
59022285
58587797
60891817
60757342
60823896
60533443
60615672
60910719
60925008
60898644
60916293
60900094
60712608
60550939
60672375
60921151
60790471
60574552
60890170
60836167
60710281
60677587
60692793
60874196
60895453
60553148
60924731
60889121
60870358
57227329
60907683
60836959
60697803
60912855
60858614
60865883
60785326
60883198
58816075
60896832
60867021
60792945
60881440
60923059
60865042
60434626
60875372
60278927
60878524
59795644
60871834
60899302
60797734
60890225
60750445
60857754
60913903
60877532
57196670
60799587
60921088
60789168
60875346
60880609
60790502
60900815
60867834
60160711
60901498
59428730
60910692
60588942
60802949
60462778
60883614
60880131
60912580
59094700
60917047
60909516
60908258
60811575
57598019
60733311
60920422
60924360
60923128
60366403
60811890
60760448
60916066
60765188
60846485
60639202
60925135
60755974
60806355
60901309
60748657
60898308
58573543
60875705
60908098
60669486
60870860
60784681
60875237
60884909
60715583
60884500
60819941
60893401
60694519
60884796
60882005
60894701
60760681
60905619
60912252
56979791
60907494
60895255
60908105
60907446
60663849
60901119
58727257
60901048
60884665
60878431
59456444
60856582
60470914
60804462
60897617
59477532
60823321
60813737
60910484
60728240
60814693
60628016
60904468
57957529
60866677
60683356
60874303
60032899
59512663
60907579
60885595
60885148
60770258
60901296
60913993
60901816
60788173
60907276
60878182
60537502
60421738
60905444
60527800
60863961
60849036
60919606
60414199
60909377
60861002
60914519
60924382
60777245
60756820
60895212
60611624
60893166
60683196
60819771
60902718
60243682
60705894
60894215
60923028
59975687
60869457
60917995
60913288
60864132
60747905
60815152
60839525
60666232
60777258
60615148
60909132
60902213
60883463
56607956
60425776
60899528
60677051
59000836
60921560
60887173
60916836
60645691
60875421
60923814
60496030
60766150
60923656
60859519
60840350
60697494
60889694
59531126
57289891
60628183
60906388
60873917
60838085
60872002
60694308
60832209
60907726
60871690
60865438
60909786
60850550
60685727
60509408
58653772
58351109
58835321
60844299
60892705
60752127
60854947
60870054
60867691
56571343
60889348
60910463
60894605
60635177
60870768
60845419
60448311
60847224
60906978
60618850
60906373
60870752
60347391
59491982
60832769
60892348
60722231
60825353
60883817
60912665
60526862
60883573
60910718
60907058
60868192
60880917
60885200
60871181
60442228
60704204
60874476
60864195
60867817
60858888
60541240
60819535
60922799
60914862
60893107
60555949
60709795
60880435
60871408
60708094
60734101
60623613
60839009
60870653
60892707
60001503
60331810
60841332
60527289
60895850
60629450
60679103
60778197
60664412
60458211
60924372
60828837
60924729
60922949
60890335
60877423
60720952
60902132
60496534
60551169
60830282
60906464
60467620
60802110
60885156
60799704
60904104
60796890
60866641
60732641
60821167
60898969
60890126
60656535
60488625
60694276
60838568
60425291
60924551
60828798
60432099
60775887
60801785
60888557
60708888
55859484
60813295
60846737
60761305
60871251
60873312
60554648
60789007
60892779
60499407
60894446
58715473
60878637
60904188
60631001
60434040
60358747
59129881
60916489
60896892
60800156
60866538
58576672
56620856
60759957
60891519
60830974
60868706
60885085
60873186
60701425
60905487
60879126
60211097
60880698
60871106
60797037
60871025
59654564
60790331
60886154
60872172
60900793
60875544
60877478
59004969
60872277
60876739
60872780
60861657
60914949
60924850
60878718
58691790
60475311
60830313
60883778
60919047
60763330
60917357
59604721
60917307
60922593
60421253
60823518
60863254
60915062
59659124
60704243
60578207
60900024
60925191
60486151
60743745
58886089
60867460
60913529
60780319
59958038
60504343
60915014
60923839
59671475
56600653
60922608
59856555
60891566
60798707
60876550
60814225
60624681
60877424
60832670
60897578
60846168
60864861
60883782
59892147
60733387
60913895
60919633
60844008
60898999
60901278
60906572
60777239
60887287
60864808
58448858
60580900
60897484
60907630
60908825
60840013
60672570
60896363
60702705
60697984
60896761
60923607
60892247
56785264
60903235
60864556
59499069
60887367
60621977
60899540
60822911
60070052
60440387
60668169
60905421
60733917
60867028
60801527
60763726
60650548
60713555
60816709
59706832
60782413
60910508
60850424
60869109
60619027
60801987
60860781
60897119
60915186
60887811
58841079
60685309
60847255
60914038
60543424
58836953
60705272
60704180
60887210
60898031
60885582
60871771
60408831
60821497
60758560
60890021
60841315
60799362
60744709
60870674
60868416
60899646
60895489
60836653
60691527
60922964
60909085
60467639
60529391
60919260
60717696
60838387
60898805
60603697
60738976
60728108
60899408
60909216
60881790
60914887
60812673
60863389
60897937
60867178
60919858
60681742
60801168
60884176
60836107
60878818
60878688
60903091
60889164
60913550
60924294
60399085
60921886
60913718
59500067
60828171
60818085
60785868
60900943
60862951
60926080
60889730
60897364
60419258
60856443
60791481
60923120
60610082
60872184
60751201
60680002
60856463
60893729
55803395
60818608
60827956
59635697
60899940
60729268
59493116
60903162
58729178
60767127
58831062
60842409
60902089
60924498
60874707
60898105
59480759
60913476
60577955
60897808
60871493
60689707
58803466
60808155
60906333
60472234
60692086
60909874
60915181
60865843
60885189
60723567
60745770
60915506
60903142
60854077
60896743
60842087
60818171
60751441
60818481
60924743
60761548
60836515
60878116
58261568
60924543
60905419
60879041
58687825
60778127
60922501
60876952
60891565
60832796
60876691
60895739
60895043
60874264
57968013
56547797
60710501
60765628
60904967
60738827
60284368
60868407
60878654
60907268
60678904
59377330
60890873
60886990
60416784
60913539
59334959
60858880
60901687
60914988
60911983
60910812
60629029
58050430
60838899
60919361
60708134
60694437
60554006
60778952
60604480
60755826
60886761
60905417
60490454
60805015
60820658
60856612
60803950
60912704
60904882
60912443
60310167
60863016
60899148
60683441
60894563
60863167
60733550
60867389
60868775
60912162
60888874
60606567
60577419
60875986
60908837
59162332
60912418
60892572
60910196
60919802
60865239
60407742
60922909
60875215
60353995
60848184
60586855
58827551
60487621
60918074
60862502
60675720
60575392
60910943
60891310
60742095
60924083
60554312
60535344
60818795
60872409
60912479
60886789
60883760
60886702
60923862
60911399
60651778
60924128
60857680
60808749
60788562
60905904
59683661
60494920
60585745
56644170
60670048
60811851
60878174
59006042
60918049
60907791
60535068
60903187
59879525
60818400
60890118
60872767
60700250
60867152
60798710
60907473
60910594
60922762
60913466
60363670
60793699
60904830
60831239
60917172
60812376
60901621
60872370
60794965
59507834
60907822
60722467
60909308
60898818
60906353
60873896
60923763
60493310
60912803
60709160
60890201
60890685
60907933
60894174
59783864
60881363
60792444
60503907
60487131
60912697
60913223
60707429
60681802
60899684
60907146
60923349
60796847
60895167
60803941
60912492
60913976
60919452
60893977
60798791
60869037
60702542
60914940
60313974
60904439
60872512
60819318
60730899
60644979
60864834
60796016
60357111
60889912
60672876
59312708
60906248
60925058
60818833
59694255
60794558
60765440
60908802
60904157
60790107
60551090
60879281
60924386
60671879
60832653
60685275
60695155
60850484
60871480
60814173
60815658
60889908
60909404
60909624
60907021
60695128
60215017
60873249
60904254
60743358
60915104
60921693
60785594
60884878
58953350
60683848
60880594
60887118
60924758
58413335
60544332
60899216
60924094
57400276
60896314
60900564
60867333
60887350
60909201
60682913
60784407
60899942
58790817
60508890
58651469
60897230
60903000
60141600
60905196
60683565
58065631
60818631
60900320
60768396
60914761
60482244
60899227
60867492
60910987
60902104
56594113
60836387
60923063
60743915
60917909
60485280
60893842
60855266
60856691
60819474
60454888
60885617
60915912
60707837
59032127
60909523
60912291
60755198
60895662
60707894
60667451
59470643
60893388
60925126
60873868
60875639
60678912
60871164
60914667
60869579
60899611
60900277
60926155
60361810
60876801
60871813
60735270
60898051
60919591
60689429
60912672
60922392
59380794
60833891
60756774
60894920
60926328
60570534
60913139
60657762
60675202
60886647
60909365
60808293
58919765
60876148
60825426
60869044
60908871
60677781
60690311
60905613
60903551
60919727
60482525
60872582
60868486
60869640
60907183
60898858
60821175
60910506
60836906
60750122
60864402
60872264
60300825
60468105
59576376
60492838
60894337
60810765
60924441
60904904
60892653
60856634
59704601
60741983
60897365
60802915
60905060
59415021
60903610
60328367
60905213
60855269
60923095
60895665
60770830
60859362
60665636
60575919
60474527
60923077
60905715
56569397
60887810
60685894
60894875
60893075
60920581
60798523
60419748
60860256
60895757
60777039
60916933
60889644
60923466
60924419
60698164
60818460
60229852
60909339
60761180
59706932
60907711
60785238
60915207
60883944
60847686
60833130
56794445
59146246
60670875
58850010
60867587
60224144
60449281
60877301
60603665
60787784
60909088
60801278
60870838
60909851
60916360
60802662
59678856
60833859
60889454
59709925
59414303
59684946
60877770
60884713
60656962
60924552
60921235
60909771
60922956
60146316
60873983
60702500
60875988
60871078
60847829
60874877
60908137
60743091
60646208
60773722
60916823
60383315
60876711
60475273
60905482
60861041
60443132
60703354
60905491
60887306
60913132
60911132
60756269
60722083
60891202
60912078
60846031
60904243
60883735
60902558
60822376
60915819
57872563
60730108
59372522
60885585
60882225
60894213
60796798
60903653
60648403
59099405
60839643
60896907
60921683
60632907
60447984
60810989
60893211
60909512
60876960
56805185
60838822
60871345
60783618
60905015
60754582
60925595
60920949
59561846
60918121
60909274
57963911
59590875
59108860
60896783
60871988
60911336
60874610
60515592
60908982
60884936
60891844
60922987
56603414
60638166
60765194
60889852
60909715
60903366
60432034
60872096
60887045
60917032
60700711
58538196
60904756
60871905
60886481
60896144
59635883
60903730
60895424
60899707
60777599
60924177
60831898
60893816
57428419
60495701
60779501
60759725
60913719
60510264
60881723
60679838
60780049
60842380
60779517
60898947
60882003
60779959
60807693
60907754
60907071
60735346
60895326
60779406
58975682
60814710
60839825
60850651
60813102
60865179
60588314
60898864
60892075
60891765
60894338
60611436
60869789
60872170
60619516
60878860
60867520
60892678
60674653
60789508
58836840
60641519
59053395
60926330
60581022
60782024
60886775
60902596
60756477
60519022
60925075
60903318
60870358
57227329
60907683
60836959
60697803
60912855
60858614
60865883
60785326
60883198
58816075
60896832
60867021
60792945
60881440
60923059
60865042
60434626
60875372
60278927
60878524
59795644
60879782
60807921
60809066
60890211
60884934
60906803
60920920
58907401
60893892
60912854
60860400
60904999
60921844
60783485
60818554
60901578
60904175
60796461
60871575
60891637
56784104
60897682
60856044
58776416
60909470
60918136
60792421
59709307
60876703
60894902
60828646
60721578
58244213
60525793
60870092
60690732
60923563
60805219
60882658
60919780
60909432
60886532
60922184
60851376
60894312
60887129
60826977
60433395
56973565
60689505
60900281
60703167
60536995
60888608
60909810
60562084
56806549
60699824
60478437
60914830
60903226
59678911
60708116
60887618
60889631
60871834
60899302
60797734
60890225
60750445
60857754
60913903
60877532
60920422
60924360
60923128
60366403
60811890
60760448
60916066
60765188
60846485
60639202
60925135
60755974
60806355
60901309
60748657
60898308
58573543
60875705
56979791
60907494
60895255
60908105
60907446
60663849
60901119
60906334
60915549
58808657
60173203
60693408
60622925
60923181
60915851
60736773
60554326
60873972
60909730
60921175
60898593
60670699
57650271
58645195
60358984
60688665
60877894
60637267
60862454
60868215
60908827
60668167
59607449
60785871
60871302
59868057
60392366
60662677
60870055
60904592
58548840
60660228
60875582
60914541
60909385
60672702
60809141
59382757
60579105
60925040
59646265
60772431
60317709
60555953
60792107
60895559
59576206
60897764
60386866
60493618
60675100
60707454
60896886
58778214
60548116
60778419
60711315
60918189
60824344
60805825
60901338
60922345
58727257
60901048
60884665
60878431
59456444
60856582
60470914
60804462
60897617
60901296
60913993
60901816
60788173
60907276
60878182
60537502
60421738
60905444
60527800
60863961
60849036
60919606
60414199
60909377
60861002
60914519
60912714
60840431
60923675
60707836
60707112
59477437
60922467
59049888
58589924
60878862
60694605
60666342
60920899
60811454
60926699
60901836
60898729
60546482
60843787
60836097
60878207
60911165
60506897
60678868
60924426
60902649
60886534
60926139
60918056
60864624
60357170
60860364
60787794
60901835
60878214
60914668
60900842
60848352
60866008
60876788
60890339
60921216
60891396
56629267
60916202
60870889
60867035
59548576
60924382
60777245
60756820
60895212
60611624
60893166
60683196
60819771
60902718
60243682
60705894
60894215
60923028
59975687
60869457
60628183
60926190
60905903
61121674
60914936
60829544
60870093
60643270
60865106
60515434
60915052
60903227
60581578
60905709
60923564
60448678
60631662
58939361
60887631
60874497
60708488
60832695
60885110
59714642
60893323
60837793
59095875
60908375
60875395
60056532
60831472
60492899
60908752
60907101
60925249
60906388
60873917
60838085
60872002
60694308
60832209
60907726
60871690
60865438
60909786
60850550
60685727
60509408
58653772
58351109
58835321
60844299
60892705
60752127
60854947
60870054
60867691
56571343
60889348
60910463
60894605
60635177
60870768
60845419
60448311
60847224
60906978
61128424
61115081
60450500
60841346
60200404
60837793
59856555
59590875
60271232
60870273
60569844
60405787
60915494
60880572
60868869
60896334
60913691
60887525
60914979
60913508
60732549
60867985
60145614
60402980
60603781
60631722
60500806
60909515
60922352
60915962
60403952
60872683
60870997
60860351
60869961
60680274
60885024
60697493
60896474
60799027
60871408
60708094
60734101
60623613
60839009
60870653
60892707
60001503
60331810
60841332
60527289
60895850
60629450
60679103
60778197
60664412
60458211
60924372
60828837
60924729
60922949
60890335
60877423
60720952
60902132
60496534
60551169
60830282
60906464
60467620
60802110
60885156
60799704
60681578
60925103
60878656
58779297
60887503
60297829
60879426
60903981
60603103
60506874
60911000
60844124
60807944
60591880
60432524
60705273
60894216
60877286
60923151
60924151
60821817
60745863
60899578
60918892
60882320
60761181
60487810
60866686
60433636
60871047
58715473
60878637
60904188
60631001
60434040
60358747
59129881
60916489
60896892
60800156
60866538
58576672
56620856
60759957
60891519
60830974
60868706
60885085
60873186
60701425
60905487
60879126
60211097
60880698
60871106
60621725
60555529
59603024
60864825
60923795
60684454
58779736
60869027
60425500
60709129
60676507
60910532
60741536
60913212
60868017
60706074
60916096
60887508
60778288
60474813
60740219
60875345
60912189
60784299
60912390
60705988
60039325
60838411
60885065
60917227
60862770
60797037
60871025
59654564
60922593
60421253
60823518
60863254
60915062
59659124
60704243
60578207
60900024
60925191
60486151
60743745
58886089
60867460
60913529
60780319
59958038
60504343
60915014
60864808
58448858
60580900
60897484
60907630
60908825
60840013
60672570
60896363
60702705
60697984
60896761
60924263
60864805
60914598
60613331
60705326
60544756
60919499
60881248
60799416
60925861
60661496
60919488
60905946
60722403
60881852
60634781
59589241
60780012
58806220
60624364
60441194
60725964
60915777
60875327
60707035
60925477
60907577
59006452
60915742
60851192
60870083
60771492
59671717
60923607
60892247
56785264
60903235
60864556
59499069
60887367
60621977
60899540
60822911
60070052
60440387
60668169
60905421
60733917
60867028
60801527
60763726
60821497
60758560
60890021
60841315
60799362
60744709
60870674
60868416
60899646
60895489
60836653
60691527
60858829
60913786
60866430
60641753
60844249
60824724
60910765
60919744
60925076
60884768
60909250
60731134
60431733
60881093
60484812
60753725
60887504
60902937
58583081
60893244
60883823
59509220
60889205
60909477
60910844
60910546
60719839
60889930
60884063
60920050
60863526
60383347
60914686
60922964
60909085
60467639
60529391
60919260
60717696
60838387
60898805
60921886
60913718
59500067
60828171
60818085
60785868
60900943
60862951
60926080
60889730
60897364
60419258
60856443
60791481
60923120
60610082
60872184
60751201
60680002
60856463
60893729
55803395
60818608
60897808
60926341
60915700
60703971
60839024
60638665
60925111
60836655
60830964
59127066
56546200
60652305
60912129
58934551
60893318
60626279
60919476
60543699
60865696
60746943
60803421
60862401
60499156
56550813
60913042
60384831
60685203
60912622
60912676
60901974
60869358
59094364
60910832
60871493
60689707
58803466
60808155
60906333
60472234
60692086
60909874
60915181
60865843
60885189
60723567
60745770
60915506
60903142
60854077
60896743
60842087
60818171
60751441
60818481
60924743
60761548
60836515
60878116
59377330
60890873
60886990
60416784
60913539
59334959
60858880
60819468
60896782
60867401
60898968
60912648
59790231
60905097
60745644
60902050
60881819
60892645
60903116
60496038
60632079
58836406
60923279
60916223
60833216
60906971
60921284
60878325
60925248
60859605
60900092
60743389
60883809
60921093
60895901
60883231
60902816
60797770
60901687
60914988
60911983
60910812
60629029
58050430
60838899
60919361
60708134
60694437
60554006
60778952
60604480
60755826
60886761
60905417
60490454
60805015
60820658
60856612
60487621
60918074
60862502
60675720
60575392
60910943
60891310
60742095
60924083
60554312
60535344
60818795
60872409
60630854
60896508
60902281
60905712
60407960
60885060
60875412
59500694
60797763
60922199
60924732
60875315
60817844
60912085
60786825
60894544
60610329
60759776
58053922
60863889
60898965
60907722
60893879
60780280
60902137
60885365
60015000
60700399
60905403
60907654
60842022
60608648
60912479
60886789
60883760
60886702
60923862
60911399
60651778
60924128
60857680
60919452
60893977
60798791
60869037
60702542
60914940
60313974
60904439
60872512
60819318
60730899
60644979
60864834
60796016
60357111
60889912
60672876
59312708
60906248
60925058
60818833
59694255
60846040
60521625
60618967
60689958
60907732
60886436
60710874
60813338
60888930
60917837
60892946
60903396
60868145
60796212
60895770
60901147
60419735
60157576
60881065
59027938
60454793
60914643
60844876
60911424
60909245
60544592
60882133
56597113
60448648
60671171
56603213
60794558
60765440
60908802
60904157
60790107
60551090
60879281
60924386
60671879
60832653
60685275
60695155
60743915
60917909
60485280
60893842
60855266
60856691
60819474
60454888
60885617
60915912
60707837
59032127
60909523
60912291
60755198
60895662
60707894
60667451
59470643
60503751
60913804
60687156
60877179
60433391
60894554
60876494
60446582
60585227
60860281
60924131
59640273
60867386
59126839
60434848
60884350
60887745
60915979
60905478
58766014
60873694
60921142
60648271
60910073
60900155
60644675
60898767
60904666
60718290
60869640
60907183
60898858
60821175
60910506
60836906
60750122
60864402
60872264
60300825
60468105
59576376
60492838
60894337
60810765
60924441
60904904
60892653
60856634
59704601
60741983
60897365
60802915
60905060
59415021
60903610
60328367
60905213
60855269
60923095
60895665
60870838
60909851
60916360
60921820
60548111
57448628
60925952
60311028
58990268
60888045
56550705
59334269
60774959
57403023
60855202
60924116
60869807
60877811
60560114
60816436
60863203
56593346
58657028
60802662
59678856
60833859
60889454
59709925
59414303
59684946
60877770
60884713
60656962
60924552
60921235
60909771
60922956
57872563
60730108
59372522
60885585
60882225
60894213
60796798
60903653
60648403
59099405
60839643
60896907
60921683
60722406
60862588
60835164
60822793
60901346
60727880
60452366
60916640
60869190
59579368
60879047
60920233
59192352
60910391
60905055
60890373
60320979
60869929
60625782
60698463
60826478
60909360
60895366
60439576
60737264
60796293
60924446
60893377
60844779
60679051
60921633
56763027
60729724
60632907
60447984
60810989
60893211
60909512
60898947
60882003
60779959
60807693
60907754
60907071
60735346
60895326
60779406
58975682
60814710
60839825
60850651
60813102
60865179
60588314
60898864
60892075
60891765
60894338
60611436
60869789
60872170
60619516
60878860
60867520
60892678
60674653
60789508
59449550
60874498
60903014
60827007
60923152
60915308
55813943
60863038
60851971
60904770
60780570
60913957
60905289
60684273
60681261
60404633
60902062
60900232
60855690
60734941
60754749
60914063
60901772
60886063
60483001
60700774
60881071
60791803
60683234
60631897
60896933
60872258
58831918
58836840
60641519
59053395
58244213
60525793
60870092
60690732
60923563
60805219
60882658
60919780
60909432
60886532
60922184
60851376
60894312
60887129
60826977
60433395
56973565
60689505
60900281
60703167
60536995
60888608
60909810
60562084
56806549
60699824
60478437
60907879
60921537
60775019
60891891
60777752
60921647
60679508
60907228
60925000
60659949
60688451
60684654
60922971
60913449
60863388
60907153
60900056
60715861
60877699
60689037
60926126
60918217
60887769
60919551
59291526
60914830
60903226
59678911
60708116
60887618
60889631
60904592
58548840
60660228
60875582
60914541
60909385
60672702
60809141
59382757
60579105
60925040
59646265
60772431
60317709
60555953
60792107
60895559
59576206
60897764
60386866
60493618
60675100
60707454
60896886
58778214
60548116
60778419
59695042
60790128
60902838
60913398
60864663
60904810
60880106
60865751
60883353
60814722
60912208
60918789
60908147
60863478
59139704
60801974
60905583
60696526
60912351
60925424
60906168
60695228
60894762
60879450
59353212
60915026
60922350
60905746
60916182
58848425
60889333
60868792
60711315
60918189
60824344
60805825
60901338
60922345
60918056
60864624
60357170
60860364
60787794
60901835
60878214
60914668
60900842
60848352
60866008
60876788
60890339
60921216
60891396
56629267
60916202
60870889
60867035
59548576
60914936
60829544
60870093
60643270
60865106
60515434
60915052
60337092
60723122
60676101
60605487
60906931
60200404
60743550
60913440
60899442
60865317
60909273
60899751
60865308
60925051
60918958
60918002
60918965
60892409
60688971
60914568
60783555
60819450
60895041
60876440
60925662
60355906
60902846
60694871
60472867
60891488
60903227
60581578
60905709
60923564
60448678
60631662
58939361
60887631
60874497
60708488
60832695
60885110
59714642
60893323
60837793
59095875
60908375
60875395
60056532
60831472
60492899
60908752
60907101
60925249
60870273
60569844
60405787
60915494
60880572
60868869
60896334
60913691
60887525
60651778
61027404
60487621
60997290
60870083
60810439
61109259
61049523
60906465
60859116
60896724
60869937
60881774
60866815
60645670
60871756
60782516
60828964
60906904
60909827
60889073
60692012
60923421
60723106
60848365
59008544
59090000
60910937
60922531
60897763
60867202
60872157
60926292
60907521
60834743
60690142
60876429
60924078
60284965
60880755
60795245
60914979
60913508
60732549
60867985
60145614
60402980
60603781
60631722
60500806
60909515
60922352
60915962
60403952
60872683
60870997
60860351
60869961
60680274
60885024
60697493
60896474
60799027
60681578
60925103
60878656
60472234
60433391
60508784
60872427
60923929
60141462
59806166
60905752
60926124
60763098
60867351
60069562
60890491
60628011
60889081
60916244
60911315
60684285
60899700
60821641
60627437
60688773
60661778
60923866
60922305
60527631
60681467
60807293
60597240
58779297
60887503
60297829
60879426
60903981
60603103
60506874
60911000
60844124
60807944
60591880
60432524
60705273
60894216
60877286
60923151
60924151
60821817
60745863
60899578
60918892
60882320
60761181
60487810
60866686
60433636
60871047
60897081
60908979
60524108
60671018
60903056
60880718
60926422
60700901
60717047
60818126
60648834
60899520
60886888
60716873
60915759
60434481
60909406
60695979
60878128
60711237
60912658
60899325
58941848
60921344
60890832
60874787
60681815
60683640
60621725
60555529
59603024
60864825
60923795
60684454
58779736
60869027
60425500
60709129
60676507
60910532
60741536
60913212
60868017
60706074
60916096
60887508
60778288
60474813
60740219
60875345
60912189
60784299
60912390
60705988
60039325
60838411
60885065
60917227
60516650
60863502
60925633
59766095
60895192
60890333
60616197
59900236
60900877
60891804
60884831
60792214
60918668
60500282
60922832
60870433
60914868
60777963
60757329
60926178
60898707
60886195
60870459
60483005
60904940
55804247
60862770
60924263
60864805
60914598
60613331
60705326
60544756
60919499
60881248
60799416
60925861
60661496
60919488
60905946
60722403
60881852
60634781
59589241
60780012
58806220
60624364
60441194
60725964
60915777
60875327
60707035
60925477
60907577
59006452
60915742
60851192
60870083
60771492
59671717
60926044
60034026
60176269
60925210
60911218
60902058
60648388
60871269
60899165
60912212
60678003
59638440
60884061
60923464
60890219
60901078
60878957
60915688
60887633
60923706
60905135
60901374
60912813
60688344
60712373
60752450
60901379
60203530
60675739
60901115
60447153
60906304
60887137
60858829
60913786
60866430
60641753
60844249
60824724
60910765
60919744
60925076
60884768
60909250
60731134
60431733
60881093
60484812
60753725
60887504
60902937
58583081
60893244
60883823
59509220
60889205
60909477
60910844
60910546
60719839
60889930
60884063
60920050
60863526
60383347
60914686
60926341
60895415
60878492
60864550
60681160
60885033
60538102
59905880
60925645
60704456
60923134
60865255
60825217
60901554
60510265
60915783
60905242
60912540
60917280
60690461
60905747
60889215
60557954
60878273
60872704
60639134
60903421
60896507
60493304
60874493
60903964
60924272
60808626
60879138
60915700
60703971
60839024
60638665
60925111
60836655
60830964
59127066
56546200
60652305
60912129
58934551
60893318
60626279
60919476
60543699
60865696
60746943
60803421
60862401
60499156
56550813
60913042
60384831
60685203
60912622
60912676
60901974
60869358
59094364
60910832
60819468
60896782
60867401
60877900
60889604
60916056
60909722
60913615
60841881
60792406
60681569
60693250
60912340
60510855
60478488
60886351
60798533
60818884
60692984
60860337
60925380
60620761
60917163
60828843
60925239
60882176
60893221
60535360
60614716
60912482
60633304
60675717
56020124
58835435
60898968
60912648
59790231
60905097
60745644
60902050
60881819
60892645
60903116
60496038
60632079
58836406
60923279
60916223
60833216
60906971
60921284
60878325
60925248
60859605
60900092
60743389
60883809
60921093
60895901
60883231
60902816
60797770
60630854
60896508
60902281
60905712
60407960
60578030
58841965
60911227
60912101
60799333
60418572
60538010
60687913
60609500
60777812
60907972
60875658
59012074
60879654
60865299
60909812
58918611
60889065
60825701
60687078
60885564
60523165
60434265
60783823
59831293
60850750
60925978
60884356
60914892
57405431
60806795
60885060
60875412
59500694
60797763
60922199
60924732
60875315
60817844
60912085
60786825
60894544
60610329
60759776
58053922
60863889
60898965
60907722
60893879
60780280
60902137
60885365
60015000
60700399
60905403
60907654
60842022
60608648
60846040
60521625
60618967
60689958
60907732
60886436
60888788
60885209
60920926
60907810
60886161
60878908
60837147
60770972
60908901
60635764
60894752
60915029
60878412
60879241
60871999
60913286
60879406
60850596
60911932
60122410
60904930
60881684
60905719
60554615
60624928
60894728
60913855
58040389
60917896
60882312
60784020
58728127
60710874
60813338
60888930
60917837
60892946
60903396
60868145
60796212
60895770
60901147
60419735
60157576
60881065
59027938
60454793
60914643
60844876
60911424
60909245
60544592
60882133
56597113
60448648
60671171
56603213
60503751
60913804
60687156
60877179
60433391
60894554
60876494
60446582
60917747
60859597
60905384
60880390
60518088
60583321
60926193
60619405
60856219
60893876
60919226
60873653
60848722
60919863
60001749
58800796
60925088
60477843
60813913
59407381
60887014
60921026
60869418
60509060
60877502
60618018
60683150
60874650
60730188
60909222
60908484
60922898
60585227
60860281
60924131
59640273
60867386
59126839
60434848
60884350
60887745
60915979
60905478
58766014
60873694
60921142
60648271
60910073
60900155
60644675
60898767
60904666
60718290
60921820
60548111
57448628
60925952
60311028
60836830
60923618
60901691
60919058
60909893
60926563
60557794
60877690
60744774
60802359
60889648
60871117
60897581
60835986
60905762
60907206
59063281
60477311
60913663
60672246
60872470
60870717
60880040
60477409
60926032
60884320
60843722
60905643
60911103
60907899
60925714
58990268
60888045
56550705
59334269
60774959
57403023
60855202
60881519
60664442
59454658
60313400
60900857
60915968
60693104
59940236
60888815
60881653
60623966
60926332
60568075
60913291
60810439
60787858
60699786
60924116
60869807
60877811
60560114
60816436
60863203
56593346
58657028
60722406
60862588
60835164
60822793
60901346
60727880
60452366
60916640
60869190
59579368
60879047
60920233
59192352
60910391
60905055
60890373
60320979
60869929
60625782
60698463
60826478
60909360
60895366
60439576
60852972
60909682
60799601
60895544
60888025
59606634
60892938
60871167
60905085
60821605
60919550
60924235
60915171
60709907
60573518
60692352
59947050
60881536
60811741
60392978
60866289
60915775
60908416
60922795
60857796
60912560
60822419
60847949
60746349
60541827
60737264
60796293
60924446
60893377
60844779
60679051
60921633
56763027
60729724
59449550
60874498
60903014
60827007
60923152
60915308
55813943
60863038
60851971
60904770
60780570
60913957
60905289
60684273
60681261
60404633
60902062
60900232
60855690
60734941
60754749
60914063
60762639
60901459
60689677
60902986
60709589
59434050
60885172
60905401
60914504
60883504
60871473
60878896
60874529
60917931
60886764
60871223
60912182
60841807
60706505
60890935
60467288
60860282
60924795
60884998
60818883
60697517
60549474
60890307
60621042
60128380
60901772
60886063
60483001
60700774
60881071
60791803
60683234
60631897
60896933
60872258
58831918
60907879
60921537
60775019
60891891
60777752
60921647
60679508
60907228
60925000
60659949
60688451
60684654
60922971
60913449
60863388
60907153
60900056
60715861
60877699
60921165
60889992
59010202
60710381
60889515
60887278
60910543
60904484
60863679
60917248
60689966
60673350
60297488
60913610
60689783
60558126
60790381
60435297
60607672
60913614
60672335
58252678
60736708
60435617
60906939
60905165
60913738
60723865
60911606
60701684
60922226
59912671
60689037
60926126
60918217
60887769
60919551
59291526
59695042
60790128
60902838
60913398
60864663
60904810
60880106
60865751
60883353
60814722
60912208
60918789
60908147
60863478
59139704
60801974
60905583
60696526
60912351
60925424
60906168
60695228
60903129
60913544
60887965
60684222
60876471
60919684
58665743
56918275
60900750
60890418
59460509
60907987
60884580
60924256
60867854
60911146
60737939
60874368
60916882
60874470
60513249
60271232
60823571
60876387
60897539
60794544
60701485
60482834
60645346
60882153
60879053
60899778
60701327
60894762
60879450
59353212
60915026
60922350
60905746
60916182
58848425
60889333
60868792
60337092
60723122
60676101
60605487
60906931
60200404
60743550
60913440
60899442
60865317
60909273
60899751
60865308
60925051
60918958
60918002
60918965
60892409
60688971
60914568
60783555
60819450
60895041
60870966
60493766
58980784
60909068
60887189
59941341
60788475
60780261
60910550
60878885
60906991
60889994
60860775
60920358
60903808
59010804
60865706
60823753
60796810
60802145
60820006
60860744
60910554
60880199
58989147
60533339
60906378
60474430
60755410
60864890
60922438
60906446
60783837
59248677
60876440
60925662
60355906
60902846
60694871
60472867
60891488
60906465
60859116
60896724
60869937
60881774
60866815
60645670
60871756
60782516
60828964
60906904
60909827
60889073
60692012
60923421
60723106
60848365
59008544
59090000
60910937
60922531
60897763
60867202
60872157
60926292
60897192
60886499
60570482
60900886
60908230
60789066
60611390
60907548
60669704
60394774
60915796
60900403
60704589
60886466
60869677
57941322
58517683
60909899
60872049
60890709
60908908
60675046
60843636
60651186
60803304
60374118
60847261
60385585
60260728
60892165
60862860
60907521
60834743
60690142
60876429
60924078
60284965
60880755
60795245
60508784
60872427
60923929
60141462
59806166
60905752
60926124
60763098
60867351
60069562
60890491
60628011
60889081
60916244
60911315
60684285
60899700
60741025
60883529
60903093
60445395
57989272
60892343
60873460
60870299
60894077
60912304
60660574
60862758
60886443
60863288
60859761
60918158
60863664
60861939
60732149
60679753
60897213
60485931
60877564
60750571
59022285
60821641
60627437
60688773
60661778
60923866
60922305
60527631
60681467
60807293
60597240
60897081
60908979
60524108
60671018
60903056
60880718
60926422
60700901
60717047
60818126
60648834
58587797
60891817
60757342
60823896
60533443
60615672
60910719
60925008
60898644
60916293
60900094
60712608
60550939
60672375
60921151
60790471
60574552
60890170
60836167
60899520
60886888
60716873
60915759
60434481
60909406
60695979
60878128
60711237
60912658
60899325
58941848
60921344
60890832
60874787
60681815
60683640
60516650
60710281
60677587
60692793
60874196
60895453
60553148
60924731
60889121
57196670
60799587
60921088
60789168
60875346
60880609
60790502
60900815
60867834
60160711
60863502
60925633
59766095
60895192
60890333
60616197
59900236
60900877
60891804
60884831
60792214
60918668
60500282
60922832
60870433
60914868
60777963
60757329
60926178
60898707
60886195
60870459
60483005
60904940
55804247
60926044
60034026
60176269
60901498
59428730
60910692
60588942
60802949
60462778
60883614
60880131
60912580
59094700
60917047
60909516
60908258
60811575
57598019
60733311
60908098
60669486
60870860
60784681
60875237
60884909
60715583
60884500
60819941
60893401
60694519
60925210
60911218
60902058
60648388
60871269
60899165
60912212
60678003
59638440
60884061
60923464
60890219
60901078
60878957
60915688
60887633
60923706
60905135
60901374
60912813
60688344
60712373
60752450
60901379
60203530
60675739
60901115
60447153
60906304
60887137
60895415
60884796
60882005
60894701
60760681
60905619
60912252
59477532
60823321
60813737
60910484
60728240
60814693
60628016
60904468
57957529
60866677
60683356
60874303
60032899
59512663
60907579
60885595
60885148
60770258
60917995
60913288
60864132
60747905
60815152
60839525
60666232
60777258
60615148
60878492
60864550
60681160
60885033
60538102
59905880
60925645
60704456
60923134
60865255
60825217
60901554
60510265
60915783
60905242
60912540
60917280
60690461
60905747
60889215
60557954
60878273
60872704
60639134
60903421
60896507
60493304
60874493
60903964
60924272
60808626
60879138
60877900
60909132
60902213
60883463
56607956
60425776
60899528
60677051
59000836
60921560
60887173
60916836
60645691
60875421
60923814
60496030
60766150
60923656
60859519
60840350
60697494
60889694
59531126
57289891
60618850
60906373
60870752
60347391
59491982
60832769
60892348
60722231
60825353
60883817
60912665
60889604
60916056
60909722
60913615
60841881
60792406
60681569
60693250
60912340
60510855
60478488
60886351
60798533
60818884
60692984
60860337
60925380
60620761
60917163
60828843
60925239
60882176
60893221
60526862
60883573
60910718
60907058
60868192
60880917
60885200
60871181
60442228
60704204
60874476
60864195
60867817
60858888
60541240
60819535
60922799
60914862
60893107
60555949
60709795
60535360
60614716
60912482
60633304
60675717
56020124
58835435
60578030
58841965
60911227
60912101
60799333
60418572
60538010
60687913
60609500
60777812
60907972
60875658
59012074
60879654
60865299
60909812
58918611
60889065
60825701
60687078
60885564
60880435
60904104
60796890
60866641
60732641
60821167
60898969
60890126
60656535
60488625
60694276
60838568
60425291
60924551
60828798
60432099
60775887
60801785
60888557
60708888
55859484
60813295
60846737
60761305
60871251
60873312
60554648
60789007
60892779
60499407
60894446
60523165
60434265
60783823
59831293
60850750
60925978
60884356
60914892
57405431
60806795
60888788
60885209
60920926
60907810
60886161
60878908
60837147
60770972
60908901
60635764
60894752
60915029
60878412
60879241
60871999
60913286
60879406
60850596
60911932
60122410
60904930
60881684
60905719
60554615
60790331
60886154
60872172
60900793
60875544
60877478
59004969
60872277
60876739
60872780
60861657
60914949
60924850
60878718
58691790
60475311
60830313
60883778
60919047
60763330
60917357
59604721
60917307
60923839
59671475
56600653
60922608
59856555
60891566
60798707
60876550
60814225
60624681
60624928
60894728
60913855
58040389
60917896
60882312
60784020
58728127
60917747
60859597
60905384
60880390
60518088
60583321
60926193
60619405
60856219
60893876
60919226
60873653
60848722
60919863
60001749
58800796
60925088
60477843
60813913
59407381
60887014
60921026
60869418
60509060
60877502
60618018
60877424
60832670
60897578
60846168
60864861
60883782
59892147
60733387
60913895
60919633
60844008
60898999
60901278
60906572
60777239
60887287
60650548
60713555
60816709
59706832
60782413
60910508
60850424
60869109
60619027
60801987
60860781
60897119
60915186
60887811
58841079
60685309
60847255
60683150
60874650
60730188
60909222
60908484
60922898
60836830
60923618
60901691
60919058
60909893
60926563
60557794
60877690
60744774
60802359
60889648
60871117
60897581
60835986
60905762
60907206
59063281
60477311
60913663
60672246
60872470
60870717
60880040
60477409
60926032
60884320
60843722
60905643
60914038
60543424
58836953
60705272
60704180
60887210
60898031
60885582
60871771
60408831
60603697
60738976
60728108
60899408
60909216
60881790
60914887
60812673
60863389
60897937
60867178
60919858
60681742
60801168
60884176
60836107
60878818
60878688
60903091
60889164
60913550
60924294
60399085
60911103
60907899
60925714
60881519
60664442
59454658
60313400
60900857
60915968
60693104
59940236
60888815
60881653
60623966
60926332
60568075
60913291
60810439
60787858
60699786
60852972
60909682
60799601
60895544
60888025
59606634
60892938
60871167
60905085
60821605
60919550
60924235
60915171
60827956
59635697
60899940
60729268
59493116
60903162
58729178
60767127
58831062
60842409
60902089
60924498
60874707
60898105
59480759
60913476
60577955
58261568
60924543
60905419
60879041
58687825
60778127
60922501
60876952
60891565
60832796
60876691
60895739
60895043
60874264
57968013
56547797
60709907
60573518
60692352
59947050
60881536
60811741
60392978
60866289
60915775
60908416
60922795
60857796
60912560
60822419
60847949
60746349
60541827
60762639
60901459
60689677
60902986
60709589
59434050
60885172
60905401
60914504
60883504
60871473
60878896
60710501
60765628
60904967
60738827
60284368
60868407
60878654
60907268
60678904
60803950
60912704
60904882
60912443
60310167
60863016
60899148
60683441
60894563
60863167
60733550
60867389
60868775
60912162
60888874
60606567
60577419
60875986
60908837
59162332
60912418
60892572
60910196
60919802
60874529
60917931
60886764
60871223
60912182
60841807
60706505
60890935
60467288
60860282
60924795
60884998
60818883
60697517
60549474
60890307
60621042
60128380
60921165
60889992
59010202
60710381
60865239
60407742
60922909
60875215
60353995
60848184
60586855
58827551
60794965
59507834
60907822
60722467
60909308
60898818
60906353
60873896
60923763
60493310
60912803
60889515
60887278
60910543
60904484
60863679
60917248
60689966
60673350
60297488
60913610
60689783
60558126
60790381
60435297
60607672
60913614
60672335
58252678
60736708
60435617
60906939
60905165
60913738
60723865
60911606
60639134
59635697
60963447
60551090
60709160
60890201
60890685
60907933
60894174
59783864
60881363
60792444
60503907
60487131
60912697
60913223
60707429
60681802
60899684
60907146
60923349
60796847
60895167
60803941
60912492
60913976
60682913
60784407
60899942
58790817
60508890
58651469
60897230
60903000
60141600
60701684
60922226
59912671
60903129
60913544
60887965
60684222
60876471
60919684
58665743
56918275
60900750
60890418
59460509
60907987
60884580
60924256
60867854
60911146
60737939
60874368
60916882
60874470
60513249
60271232
60823571
60876387
60897539
60794544
60701485
60482834
60645346
60882153
59049888
60870433
61018931
61054967
61082300
59940236
60905196
60683565
58065631
60818631
60900320
60768396
60914761
60482244
60899227
60867492
60910987
60902104
56594113
60836387
60923063
60833891
60756774
60894920
60926328
60570534
60913139
60657762
60675202
60886647
60909365
60808293
58919765
60876148
60825426
60869044
60879053
60899778
60701327
60870966
60493766
58980784
60909068
60887189
59941341
60788475
60780261
60910550
60878885
60906991
60889994
60860775
60920358
60903808
59010804
60865706
60823753
60796810
60802145
60820006
60908871
60677781
60690311
60905613
60903551
60919727
60482525
60872582
60868486
60883944
60847686
60833130
56794445
59146246
60670875
58850010
60867587
60224144
60449281
60877301
60603665
60787784
60909088
60801278
60703354
60905491
60887306
60913132
60911132
60756269
60722083
60891202
60860744
60910554
60880199
58989147
60533339
60906378
60474430
60755410
60864890
60922438
60906446
60783837
59248677
60897192
60886499
60570482
60900886
60908230
60789066
60611390
60907548
60669704
60394774
60915796
60900403
60704589
60886466
60869677
60912078
60846031
60904243
60883735
60902558
60822376
60915819
60887045
60917032
60700711
58538196
60904756
60871905
60886481
60896144
59635883
60903730
60895424
60899707
60777599
60924177
57941322
58517683
60909899
60872049
60890709
60908908
60675046
60843636
60651186
60803304
60374118
60847261
60385585
60260728
60892165
60862860
60741025
60883529
60903093
60445395
60831898
60893816
57428419
60495701
60779501
60759725
60913719
60510264
60881723
60679838
60780049
60842380
57989272
60892343
60873460
60870299
60894077
60912304
60660574
60862758
60886443
60863288
60859761
60918158
60863664
60861939
60732149
60679753
60897213
60485931
60779517
60879782
60807921
60809066
60890211
60884934
60906803
60920920
58907401
60893892
60912854
60860400
60904999
60921844
60783485
60818554
60901578
60904175
60796461
60877564
60750571
59022285
58587797
60891817
60757342
60823896
60533443
60615672
60910719
60925008
60898644
60916293
60900094
60712608
60550939
60672375
60921151
60790471
60574552
60890170
60836167
60871575
60891637
56784104
60897682
60856044
58776416
60909470
60918136
60792421
59709307
60876703
60894902
60828646
60721578
60906334
60915549
58808657
60173203
60693408
60710281
60677587
60692793
60874196
60895453
60553148
60924731
60889121
57196670
60799587
60921088
60789168
60875346
60880609
60790502
60900815
60867834
60160711
60901498
59428730
60910692
60588942
60622925
60923181
60915851
60736773
60554326
60873972
60909730
60921175
60898593
60670699
57650271
58645195
60358984
60688665
60877894
60802949
60462778
60883614
60880131
60912580
59094700
60917047
60909516
60908258
60811575
57598019
60733311
60908098
60669486
60870860
60784681
60875237
60884909
60715583
60884500
60637267
60862454
60868215
60908827
60668167
59607449
60785871
60871302
59868057
60392366
60662677
60870055
60912714
60840431
60923675
60707836
60707112
59477437
60922467
59049888
58589924
60878862
60694605
60666342
60920899
60811454
60926699
60901836
60898729
60546482
60843787
60836097
60819941
60893401
60694519
60884796
60882005
60894701
60760681
60905619
60912252
59477532
60823321
60813737
60910484
60728240
60814693
60628016
60904468
57957529
60866677
60683356
60874303
60032899
59512663
60907579
60885595
60885148
60770258
60917995
60913288
60864132
60747905
60815152
60878207
60911165
60506897
60678868
60924426
60902649
60886534
60926139
60926190
60905903
60839525
60666232
60777258
60615148
60909132
60902213
60883463
56607956
60425776
60899528
60677051
59000836
60921560
60887173
60916836
60645691
60875421
60923814
60496030
60766150
60923656
60859519
60840350
60697494
60889694
59531126
57289891
60618850
60906373
60870752
60347391
59491982
60832769
60892348
60722231
60825353
60883817
60912665
60526862
60883573
60910718
60907058
60868192
60880917
60885200
60871181
60442228
60704204
60874476
60864195
60867817
60858888
60541240
60819535
60922799
60914862
60893107
60555949
60709795
60880435
60904104
60796890
60866641
60732641
60821167
60898969
60890126
60656535
60488625
60694276
60838568
60425291
60924551
60828798
60432099
60775887
60801785
60888557
60708888
55859484
60813295
60846737
60761305
60871251
60873312
60554648
60789007
60892779
60499407
60894446
60790331
60886154
60872172
60900793
60875544
60877478
59004969
60872277
60876739
60872780
60861657
60914949
60924850
60878718
58691790
60475311
60830313
60883778
60919047
60763330
60917357
59604721
60917307
60923839
59671475
56600653
60922608
59856555
60891566
60798707
60876550
60814225
60624681
60877424
60832670
60897578
60846168
60864861
60883782
59892147
60733387
60913895
60919633
60844008
60898999
60901278
60906572
60777239
60887287
60650548
60713555
60816709
59706832
60782413
60910508
60850424
60869109
60619027
60801987
60860781
60897119
60915186
60887811
58841079
60685309
60847255
60914038
60543424
58836953
60705272
60704180
60887210
60898031
60885582
60871771
60408831
60603697
60738976
60728108
60899408
60909216
60881790
60914887
60812673
60863389
60897937
60867178
60919858
60681742
60801168
60884176
60836107
60878818
60878688
60903091
60889164
60913550
60924294
60399085
60827956
59635697
60899940
60729268
59493116
60903162
58729178
60767127
58831062
60842409
60902089
60924498
60874707
60898105
59480759
60913476
60577955
58261568
60924543
60905419
60879041
58687825
60778127
60922501
60876952
60891565
60832796
60876691
60895739
60895043
60874264
57968013
56547797
60710501
60765628
60904967
60738827
60284368
60868407
60878654
60907268
60678904
60803950
60912704
60904882
60912443
60310167
60863016
60899148
60683441
60894563
60863167
60733550
60867389
60868775
60912162
60888874
60606567
60577419
60875986
60908837
59162332
60912418
60892572
60910196
60919802
60865239
60407742
60922909
60875215
60353995
60848184
60586855
58827551
60794965
59507834
60907822
60722467
60909308
60898818
60906353
60873896
60923763
60493310
60912803
60709160
60890201
60890685
60907933
60894174
59783864
60881363
60792444
60503907
60487131
60912697
60913223
60707429
60681802
60899684
60907146
60923349
60796847
60895167
60803941
60912492
60913976
60682913
60784407
60899942
58790817
60508890
58651469
60897230
60903000
60141600
60905196
60683565
58065631
60818631
60900320
60768396
60914761
60482244
60899227
60867492
60910987
60902104
56594113
60836387
60923063
60833891
60756774
60894920
60926328
60570534
60913139
60657762
60675202
60886647
60909365
60808293
58919765
60876148
60825426
60869044
60908871
60677781
60690311
60905613
60903551
60919727
60482525
60872582
60868486
60883944
60847686
60833130
56794445
59146246
60670875
58850010
60867587
60224144
60449281
60877301
60603665
60787784
60909088
60801278
60703354
60905491
60887306
60913132
60911132
60756269
60722083
60891202
60912078
60846031
60904243
60883735
60902558
60822376
60915819
60887045
60917032
60700711
58538196
60904756
60871905
60886481
60896144
59635883
60903730
60895424
60899707
60777599
60924177
60831898
60893816
57428419
60495701
60779501
60759725
60913719
60510264
60881723
60679838
60780049
60842380
60779517
60879782
60807921
60809066
60890211
60884934
60906803
60920920
58907401
60893892
60912854
60860400
60904999
60921844
60783485
60818554
60901578
60904175
60796461
60871575
60891637
56784104
60897682
60856044
58776416
60909470
60918136
60792421
59709307
60876703
60894902
60828646
60721578
60906334
60915549
58808657
60173203
60693408
60622925
60923181
60915851
60736773
60554326
60873972
60909730
60921175
60898593
60670699
57650271
58645195
60358984
60688665
60877894
60637267
60862454
60868215
60908827
60668167
59607449
60785871
60871302
59868057
60392366
60662677
60870055
60912714
60840431
60923675
60707836
60707112
59477437
60922467
59049888
58589924
60878862
60694605
60666342
60920899
60811454
60926699
60901836
60898729
60546482
60843787
60836097
60878207
60911165
60506897
60678868
60924426
60902649
60886534
60926139
60926190
60905903
60059165
59380794
59372522
59192352
59334269
59579368
59414303
60001503
59576376
60588314
61036725
60975633
60039325
60972781
60779517
61054231
60779406
60543699
58778214
58448858
60203530
59576206
60452366
60872205
60404633
59477532
60877480
60493304
60730899
60787858
60554312
60950243
60366403
60801278
60515592
60229852
60792444
59941341
59947050
61006439
60990231
61007742
60857796
60604480
60015000
60950987
61052203
58351109
61069915
61067032
60782024
61032394
59531126
59606634
58261568
61030924
61035666
59607449
60756477
59831293
61051443
61046159
61106153
61068368
60034026
60976026
61017628
61048499
61075231
61122836
60831898
60961192
59958038
60727880
61038277
60995460
61047807
60756774
59548576
60791481
60419258
60813338
58587797
60001749
60975383
60759957
60801987
61079194
61015300
59659124
60651186
60801974
61041650
61081953
61075648
59783864
60742095
60801168
60941869
61011992
61100761
61060764
61055857
61051966
61047017
60358747
59635883
61054137
61021771
61058340
60160711
60912580
60434848
60881071
61120943
61076851
61132807
61051186
61054778
61055104
60950332
60056532
61070993
61046916
60839525
61053142
61063555
61063831
61076388
61063587
61098255
61063898
61106302
60999723
60734101
60627437
60757329
60796810
61115164
61130379
61085249
61108431
61048461
61059722
60909624
61065280
60176269
61127389
60745770
61037202
61118272
61122542
60789168
61009677
61102990
61041366
61111581
61119007
60989137
61020159
61095404
61050615
60070052
61103349
60695979
60844249
60986891
60122410
60971879
61075524
61117469
61008906
61121339
61013993
61064250
60993932
61125777
60973937
61121923
60986627
61111722
61133974
61121855
61130350
61117647
61088383
61127461
61133170
61133085
61134954
61135331
61121900
61118427
61118594
61121054
61128631
61120023
61122509
61134821
61118305
61130281
61124220
61119257
61127046
61131559
61133197
61128641
61117683
61120018
61119620
61117222
61123581
61123896
61130670
61116015
61122877
61119113
61118414
61121439
61122805
61118116
61117753
61121307
61130238
61118197
61133492
61117767
61119480
61118211
61133892
61135440
61122124
61124570
61134112
61132246
61130601
61116580
61117024
61122592
61126145
61118306
61131178
61132867
61123827
61118208
61122668
61115649
61135017
61129685
61118415
61123243
61121172
61131497
61120163
61117449
61115683
61124404
61129470
61135142
61129346
61118756
61120431
61135054
61121212
61128671
60784299
61135001
61134743
61126787
61121701
61115636
61123101
61121561
61115868
61119323
61120179
61115940
61116746
61125711
61122677
61119262
61123451
61120291
61131668
61133770
61118004
61125372
61134842
61122862
61119665
61134177
61122137
61117039
61121940
61128350
61131434
61120092
61117585
61134822
61121273
61125641
61121310
61134490
61121782
61119534
61133583
61122545
61115887
61120459
61128776
61123554
61117079
61129469
61134841
61126332
61135006
61132198
61134970
61132156
61134210
61133498
61120214
61122802
61115684
61132021
61134301
61128320
61131218
61129692
61131446
61128632
61129498
61134791
61130588
61133530
61134280
61135095
61130440
61135019
61012950
61134181
61134228
60770258
59766095
61134318
60407960
61135415
61134898
61135128
60973995
60669486
60883646
61008824
60848681
60915549
60941865
61085817
61114580
61114580
61121407
61135137
61117236
61119782
61117170
61126552
61127191
61126551
61127575
61134196
61127616
61118666
61120420
61120061
61120630
61127217
61132860
61133783
61119001
61124886
61121672
61134422
61128713
61129584
61129586
61134308
60732149
61122010
59449550
59032127
61130568
61036962
61120232
61127615
61010540
60224144
60963024
61124786
61089848
61121142
60927285
60723567
60569844
60581578
60744709
61062678
60823753
60614716
60615672
60778952
60765188
61026383
61065599
60948485
61054763
61020966
61072965
61008352
60560114
61015967
60805219
60711315
60626279
60823896
61111336
60936237
61004762
60964217
60963885
60839825
60746349
60927692
61001181
61030703
61028223
60838568
61062020
60946363
60838387
60992857
61105421
60737939
61049587
60811890
60880609
60963352
61076893
60957128
60756820
60976608
60777239
61102810
61048707
61025503
60843787
61060336
60996012
60982601
61115991
60855266
61132349
61060634
61004348
61059198
61046911
61042564
61089795
60931274
61043211
61099072
61131471
60961215
60945134
61044483
61090524
61069226
60935058
61091666
61105306
61100691
61060286
60834743
60915029
61029009
61073312
60968787
60988496
61099705
61014655
61041217
61073132
61060365
60986129
60848352
60779501
61130518
61022489
61069319
60947859
61055001
61005369
61101182
61072175
60968745
61117002
60969418
60770830
61060731
60896363
61086777
61106392
61027685
61059186
60983296
60892247
61078949
61066946
61130528
61108436
60960883
61072961
61105803
60954475
61094785
61116148
61071243
61054681
61120893
61063070
61074748
61037703
61125253
61065422
60896783
61049546
61132075
61027008
61053141
61073098
61100317
61085761
61006222
61056855
61119010
61085052
61131242
61117274
61111282
61104410
61118376
61130667
60996974
61082283
61107138
61117180
61089754
61097541
61080298
61119978
61131406
61103295
61047678
61130308
61103158
61114372
61124285
61114684
61042813
61100985
61121351
61064309
61056113
61054128
61085974
61104034
61092734
61108367
61108455
61110532
61069287
61092195
61083662
61120743
61101618
61090150
61099825
61073761
61120962
61059716
61133615
61088212
61116353
61102616
61116767
61046173
61056394
61089395
61095430
61133499
61095430
61133499
61088442
61103334
61088646
61102929
61097754
61113427
61079096
61105487
61091979
61104387
61133899
61120151
61086972
61114856
61082478
61119287
61105422
61131597
61106258
61126127
61121678
61092313
61099757
61071729
61115943
61088703
61090339
61105560
61094492
61071557
61119932
61115350
61134476
61096191
61086373
61111196
61124525
61103313
61104052
61130227
61089022
61120265
61128175
61129630
61134272
61128558
61121862
61131285
61086347
61112237
61128214
61118359
61132925
61111736
61115435
61129287
61130235
61121919
61128691
61121023
61129792
61129749
61117559
61109520
61125744
61118477
61111061
61119679
61112648
61112719
61108447
61098406
61124729
61124327
61129650
61129641
61130755
61131566
61120928
61128663
61122840
61111819
61127211
61127007
61121331
61132449
61125017
61127144
61127116
61117415
61120335
61117577
61111414
61132334
61133511
61133738
61127166
61116917
61120000
61126376
61129756
61129467
61128419
61124509
61115419
61132988
61133654
61125540
61133519
61121758
61133815
61116810
61133019
61133296
61128183
61132390
61118199
61133115
61120903
61114816
61124244
61119676
61121267
61134266
61130363
61132944
61133745
61121775
61132414
61134199
61133603
61129325
61132083
61122721
61120870
61123978
61119187
61132985
61131563
61115283
61130811
61130712
61133841
61131061
61134258
61131231
61128554
61122569
61129507
61127119
61133462
61119208
61133718
61123468
61133550
61132202
61127273
61133175
61132500
61128695
61128511
61130724
61133900
61131744
61133169
61132970
61132739
61133829
61130477
61131403
61133035
61133809
61133673
61132872
61134875
61128420
61133093
61132996
61133153
61132828
61130489
61130458
61133063
61134734
61133844
60392978
61050596
61113541
61092425
61130558
61088981
61116818
61127316
61132457
61113405
61118304
61116022
61120538
61115918
61128607
61123143
61115560
61115153
61130400
61131244
61117793
61129332
61128493
61131396
61133142
61068697
61133028
61132071
61126657
