61127116
59146246
60875582
60399085
59714642
60924151
60870433
58831918
60544592
61125777
61088703
61115081
60705894
61133115
61004762
61092734
60794965
60525793
61120962
60907276
61091666
61130518
60797770
61018931
58980784
61123451
61134177
57448628
61119208
61117180
60963885
61071729
60882153
59975687
60843636
61098255
61115560
61131744
60886789
60961192
60889930
61128419
59010804
60452366
61132828
59010202
61073761
60610329
60890225
60889992
61048499
61133035
60621042
59460509
61117683
60779517
61063898
60895770
61130458
60823896
61127116
59146246
60875582
60399085
59714642
60924151
60870433
58831918
60544592
61125777
61088703
61115081
60705894
61133115
61004762
61092734
60794965
60525793
61120962
60907276
61091666
61130518
60797770
61018931
58980784
61123451
61134177
57448628
61119208
61117180
60963885
60914887
58836840
61122545
61065599
58835321
61124404
60912078
60526862
61128713
60870093
61108436
59709307
60880106
60867333
60830964
60836830
60825426
60893401
61130489
56594113
61133718
60915775
61114580
61062678
58827551
61128214
61063555
60973937
61054681
60874610
60541240
61106392
61092313
61071729
60882153
59975687
60843636
61098255
61115560
61131744
60886789
60961192
60889930
61128419
59010804
60452366
61132828
59010202
61073761
60610329
60890225
60889992
61048499
61133035
60621042
59460509
61117683
60779517
61063898
60895770
61130458
60823896
60914887
58836840
61122545
60963447
60487810
60787858
60056532
60639202
60993932
60448648
57598019
60948485
59434050
58776416
61051966
61134272
61108455
61116353
60477843
60839525
59454658
59004969
61133499
61025503
61081953
61047678
56603414
61122862
56593346
60870717
61001181
60001503
61134734
60832653
58653772
61013993
61120538
61065599
58835321
61124404
60912078
60526862
61128713
60870093
61108436
59709307
60880106
60867333
60830964
60836830
60825426
60893401
61130489
56594113
61133718
60915775
61114580
61062678
58827551
61128214
61063555
60973937
61054681
60874610
60541240
61106392
61092313
60963447
60508784
61073132
59590875
60609500
61130308
61060336
60835164
61118477
60750122
60743389
59868057
61117002
61133615
60891765
61117577
61130667
60904592
61123581
60889644
58808657
58953350
61127389
56550705
61133093
60527800
61108431
61132071
60668167
60487810
60787858
60056532
60639202
60993932
60448648
57598019
60948485
59434050
58776416
61051966
61134272
61108455
61116353
60477843
60839525
59454658
59004969
61133499
61025503
61081953
61047678
56603414
61122862
56593346
60870717
61001181
60001503
61134734
60832653
58653772
61013993
61120538
60508784
61128641
60954475
60827007
60870966
61120893
60961215
61121900
61122802
60695979
59694255
59900236
60917163
61114816
61050615
61109520
61122836
61120335
60871480
61043211
59806166
61006222
61121701
61059716
59248677
60885156
61134181
60604480
60271232
56597113
61073132
59590875
60609500
61130308
61060336
60835164
61118477
60750122
60743389
59868057
61117002
61133615
60891765
61117577
61130667
60904592
61123581
60889644
58808657
58953350
61127389
56550705
61133093
60527800
61108431
61132071
60668167
61128641
60954475
60827007
60870966
61120893
61133530
60229852
61090339
59766095
59579368
61110532
60914598
60883573
61119262
60848681
60801168
58989147
60906803
60887210
58665743
60707894
61134210
59678911
58806220
60935058
61116810
60885148
61048461
61130811
61009677
61007742
61127461
60645670
59635883
61133153
60921693
60961215
61121900
61122802
60695979
59694255
59900236
60917163
61114816
61050615
61109520
61122836
61120335
60871480
61043211
59806166
61006222
61121701
61059716
59248677
60885156
61134181
60604480
60271232
56597113
61133530
60229852
61090339
59766095
59579368
61110532
60914598
60782024
58990268
61121758
61130227
60881093
59646265
61118666
61133900
60560114
60675720
60917248
61130235
60711315
61086972
61119679
61134280
58587797
61118756
58836406
61120000
60777239
60626279
60488625
59353212
61116148
60877480
61069319
60876711
60986129
61020159
61127116
59146246
60875582
60399085
59714642
60924151
60870433
58831918
60544592
61125777
61088703
61115081
60705894
61133115
61004762
61092734
60794965
60525793
61120962
60907276
61091666
61130518
60797770
61018931
58980784
61123451
61134177
57448628
61119208
61117180
60963885
61071729
60882153
59975687
60883573
61119262
60848681
60801168
58989147
60906803
60887210
58665743
60707894
61134210
59678911
58806220
60935058
61116810
60885148
61048461
61130811
61009677
61007742
61127461
60645670
59635883
61133153
60921693
60782024
58990268
61121758
61130227
60881093
59646265
61118666
61133900
61130238
61128695
60885617
61134301
60901147
58583081
61117079
59507834
60425291
61090524
61119665
61047017
60838568
59678856
60723122
61132988
58848425
60873983
61129469
61089795
60968745
58831062
61126145
61129470
60651778
60886481
60911336
58841965
60874476
60899408
60843636
61098255
61115560
61131744
60886789
60961192
60889930
61128419
59010804
60452366
61132828
59010202
61073761
60610329
60890225
60889992
61048499
61133035
60621042
59460509
61117683
60779517
61063898
60895770
61130458
60823896
60914887
58836840
61122545
61065599
58835321
60560114
60675720
60917248
61130235
60711315
61086972
61119679
61134280
58587797
61118756
58836406
61120000
60777239
60626279
60488625
59353212
61116148
60877480
61069319
60876711
60986129
61020159
61130238
61128695
60885617
61134301
60901147
58583081
61117079
59507834
60891519
61099072
60889205
58351109
61006439
61119978
61127316
61118376
61128554
58779297
60510265
61113541
61068368
60685894
61132970
61125372
60988496
61075648
60997290
60688665
60906388
61032394
60905712
59380794
58448858
61116767
60679051
56020124
61004348
60778952
61124404
60912078
60526862
61128713
60870093
61108436
59709307
60880106
60867333
60830964
60836830
60825426
60893401
61130489
56594113
61133718
60915775
61114580
61062678
58827551
61128214
61063555
60973937
61054681
60874610
60541240
61106392
61092313
60963447
60487810
60425291
61090524
61119665
61047017
60838568
59678856
60723122
61132988
58848425
60873983
61129469
61089795
60968745
58831062
61126145
61129470
60651778
60886481
60911336
58841965
60874476
60899408
60891519
61099072
60889205
56546200
61131285
61129467
60880609
61118306
60883353
60919551
60869677
60297488
58778214
60705988
61054231
61085052
58728127
61104387
60912560
61056113
60779406
58816075
60902838
60986627
60477409
61124729
61131446
60879281
61072961
61126127
60916066
59382757
61086373
60787858
60056532
60639202
60993932
60448648
57598019
60948485
59434050
58776416
61051966
61134272
61108455
61116353
60477843
60839525
59454658
59004969
61133499
61025503
61081953
61047678
56603414
61122862
56593346
60870717
61001181
60001503
61134734
60832653
58653772
61013993
58351109
61006439
61119978
61127316
61118376
61128554
58779297
60510265
61113541
61068368
60685894
61132970
61125372
60988496
61075648
60997290
60688665
60906388
61032394
60905712
59380794
58448858
61116767
60679051
56020124
61004348
60778952
56546200
61131285
61129467
60880609
60699786
58907401
60904243
60964217
61122677
60879426
60912665
60224144
60855269
58918611
61088383
61134258
57968013
61111282
61119010
61133462
60915549
59671717
60883646
60910484
61121023
61134112
60392978
60898729
60794544
61105560
61082300
60446582
60963024
61037703
59509220
61120538
60508784
61073132
59590875
60609500
61130308
61060336
60835164
61118477
60750122
60743389
59868057
61117002
61133615
60891765
61117577
61130667
60904592
61123581
60889644
58808657
58953350
61127389
56550705
61133093
60527800
61108431
61132071
60668167
61128641
60954475
61118306
60883353
60919551
60869677
60297488
58778214
60705988
61054231
61085052
58728127
61104387
60912560
61056113
60779406
58816075
60902838
60986627
60477409
61124729
61131446
60879281
61072961
61126127
60916066
59382757
61086373
60699786
58907401
60904243
61035666
61121351
61104410
61121775
59892147
58576672
61123468
61119187
60627437
60857796
61112237
59334959
60708888
60860744
60657762
60863679
61117753
61118305
61054137
60874264
60403952
60971879
60896783
60923618
60723567
60651186
60548116
60827007
60870966
61120893
60961215
61121900
61122802
60695979
59694255
59900236
60917163
61114816
61050615
61109520
61122836
61120335
60871480
61043211
59806166
61006222
61121701
61059716
59248677
60885156
61134181
60604480
60271232
56597113
61133530
60229852
60964217
61122677
60879426
60912665
60224144
60855269
58918611
61088383
61134258
57968013
61111282
61119010
61133462
60915549
59671717
60883646
60910484
61121023
61134112
60392978
60898729
60794544
61105560
61082300
60446582
60963024
61037703
59509220
61035666
61121351
61104410
61117449
60546482
61135006
60999723
61036725
60918217
60770258
61105306
60639134
60950243
61111196
60506897
60743550
61030924
61101618
60311028
59905880
61129346
60692352
60909523
59654564
60503751
58050430
60260728
60688451
60916823
60770830
60885582
61134266
60917896
61090339
59766095
59579368
61110532
60914598
60883573
61119262
60848681
60801168
58989147
60906803
60887210
58665743
60707894
61134210
59678911
58806220
60935058
61116810
60885148
61048461
61130811
61009677
61007742
61127461
60645670
59635883
61133153
60921693
60782024
61121775
59892147
58576672
61123468
61119187
60627437
60857796
61112237
59334959
60708888
60860744
60657762
60863679
61117753
61118305
61054137
60874264
60403952
60971879
60896783
60923618
60723567
60651186
60548116
61117449
60546482
61135006
60999723
61036725
60918217
60770258
61105306
61049523
59006452
60871223
61085761
61089022
60337092
60885033
59094700
60805219
57400276
60759957
60882005
60878116
60924732
59428730
60821817
60872205
61119007
59709925
61065280
61060764
56550813
60754749
61132390
58766014
60631662
61060731
60818608
60884934
58990268
61121758
61130227
60881093
59646265
61118666
61133900
60560114
60675720
60917248
61130235
60711315
61086972
61119679
61134280
58587797
61118756
58836406
61120000
60777239
60626279
60488625
59353212
61116148
60877480
61069319
60876711
60986129
61020159
61130238
61128695
60885617
61134301
60901147
60639134
60950243
61111196
60506897
60743550
61030924
61101618
60311028
59905880
61129346
60692352
60909523
59654564
60503751
58050430
60260728
60688451
60916823
60770830
60885582
61134266
60917896
61049523
59006452
60871223
61085761
61089022
60337092
60885033
59094700
60805219
57400276
60759957
60872184
60878128
60684454
61127144
61027685
61086777
61132198
61128320
61055857
60915912
61120092
61119676
60472234
57196670
61106153
61130670
59008544
60910543
61066946
60904175
61119287
60925249
60450500
59095875
58065631
60707837
55859484
61124786
60493618
61027008
58583081
61117079
59507834
60425291
61090524
61119665
61047017
60838568
59678856
60723122
61132988
58848425
60873983
61129469
61089795
60968745
58831062
61126145
61129470
60651778
60886481
60911336
58841965
60874476
60899408
60891519
61099072
60889205
58351109
61006439
61119978
61127316
60882005
60878116
60924732
59428730
60821817
60872205
61119007
59709925
61065280
61060764
56550813
60754749
61132390
58766014
60631662
61060731
60818608
60884934
60872184
60878128
60684454
61127144
61027685
61086777
61132198
61128320
61055857
60915912
61120092
61119676
60472234
57196670
61125744
61122592
60881536
60899540
60922345
59603024
60919727
61041217
60871905
61054128
60689783
61069287
61132246
61111722
61106302
59372522
61042813
59126839
60761548
61028223
61072965
60896933
60751201
59049888
61131471
60889333
61132083
61121267
61108447
61118376
61128554
58779297
60510265
61113541
61068368
60685894
61132970
61125372
60988496
61075648
60997290
60688665
60906388
61032394
60905712
59380794
58448858
61116767
60679051
56020124
61004348
60778952
56546200
61131285
61129467
60880609
61118306
60883353
61106153
61130670
59008544
60910543
61066946
60904175
61119287
60925249
60450500
59095875
58065631
60707837
55859484
61124786
60493618
61027008
61125744
61122592
60881536
60899540
60922345
59603024
60919727
61041217
60871905
61054128
60689783
61069287
61132246
61111722
61106302
59372522
60885172
56629267
61117236
57428419
61115991
60872170
60927285
60841346
60681815
60729268
60941869
60032899
59640273
61134822
61131244
61133654
60922956
61014655
60569844
60893323
60015000
61118197
58836953
61133770
59831293
59879525
61054778
61065422
60610082
60919551
60869677
60297488
58778214
60705988
61054231
61085052
58728127
61104387
60912560
61056113
60779406
58816075
60902838
60986627
60477409
61124729
61131446
60879281
61072961
61126127
60916066
59382757
61086373
60699786
58907401
60904243
60964217
61122677
61042813
59126839
60761548
61028223
61072965
60896933
60751201
59049888
61131471
60889333
61132083
61121267
61108447
60885172
56629267
61117236
57428419
61115991
60872170
60927285
60841346
60681815
60729268
60941869
60032899
59640273
61134822
61131244
61133654
60922956
61014655
60569844
60659949
61131242
60863389
61107138
60744709
60831898
60495701
60924094
56571343
60433391
59000836
60921344
60034026
61132334
61134228
59704601
60969418
61120232
61017628
60899611
59449550
60792421
60865239
61082478
60832209
61133296
60815658
60886154
57403023
60885024
60725964
60879426
60912665
60224144
60855269
58918611
61088383
61134258
57968013
61111282
61119010
61133462
60915549
59671717
60883646
60910484
61121023
61134112
60392978
60898729
60794544
61105560
61082300
60446582
60963024
61037703
59509220
61035666
61121351
61104410
61121775
59892147
58576672
60893323
60015000
61118197
58836953
61133770
59831293
59879525
61054778
61065422
60610082
60659949
61131242
60863389
61107138
60744709
60831898
60495701
60924094
56571343
60433391
59000836
60921344
60034026
61132334
61134228
59704601
60969418
61120232
61017628
60899611
61121439
59671475
60557794
60901309
61123554
61071243
61121782
61121054
59480759
61120743
61041650
60122410
60848352
60806795
58053922
60915014
61090150
61052203
60829544
60690142
59022285
60672375
61125253
60807293
60777812
60911227
56784104
60811851
60914868
60635177
60796798
61123468
61119187
60627437
60857796
61112237
59334959
60708888
60860744
60657762
60863679
61117753
61118305
61054137
60874264
60403952
60971879
60896783
60923618
60723567
60651186
60548116
61117449
60546482
61135006
60999723
61036725
60918217
60770258
61105306
60639134
60950243
61111196
59449550
60792421
60865239
61082478
60832209
61133296
60815658
60886154
57403023
60885024
60725964
61121439
59671475
60557794
60901309
61123554
61071243
61121782
61121054
59480759
61120743
61041650
60122410
60848352
60806795
58053922
60915014
61090150
61052203
61130724
61129756
61011992
61103158
60914038
60679753
61122542
61116746
60885209
60454793
60671879
60698463
61015967
60877564
61128175
60973995
60910692
61121561
60918056
60893075
61085249
60884320
61129586
59912671
60551090
57957529
60947859
61079194
60780280
60906465
60506897
60743550
61030924
61101618
60311028
59905880
61129346
60692352
60909523
59654564
60503751
58050430
60260728
60688451
60916823
60770830
60885582
61134266
60917896
61049523
59006452
60871223
61085761
61089022
60337092
60885033
59094700
60805219
57400276
60759957
60882005
60829544
60690142
59022285
60672375
61125253
60807293
60777812
60911227
56784104
60811851
60914868
60635177
60796798
61130724
61129756
61011992
61103158
60914038
60679753
61122542
61116746
60885209
60454793
60671879
60698463
61015967
60877564
61128175
60973995
60910692
61130568
60474813
60910812
60543699
60361810
58850010
60898965
61109259
59006042
61120061
61117559
60986891
60555953
60818460
61120179
60791803
60915979
61111581
61118208
60906904
61128350
60675046
60621977
61132414
60838085
61133892
61134318
60963352
60921093
61133738
60878116
60924732
59428730
60821817
60872205
61119007
59709925
61065280
61060764
56550813
60754749
61132390
58766014
60631662
61060731
60818608
60884934
60872184
60878128
60684454
61127144
61027685
61086777
61132198
61128320
61055857
60915912
61120092
61119676
60472234
57196670
61106153
61121561
60918056
60893075
61085249
60884320
61129586
59912671
60551090
57957529
60947859
61079194
60780280
60906465
61130568
60474813
60910812
60543699
60361810
58850010
60898965
61109259
59006042
61120061
61117559
60986891
60555953
60818460
61120179
60791803
60915979
61111581
60899216
61131231
59499069
61089754
61118004
58645195
60877690
61120630
59940236
61071557
59607449
61134743
60515592
60858880
61042564
60839825
60843722
56644170
60317709
61121142
60756477
61131668
61129650
61128511
61008352
61095430
61097541
60746349
60907879
61130670
59008544
60910543
61066946
60904175
61119287
60925249
60450500
59095875
58065631
60707837
55859484
61124786
60493618
61027008
61125744
61122592
60881536
60899540
60922345
59603024
60919727
61041217
60871905
61054128
60689783
61069287
61132246
61111722
61106302
61118208
60906904
61128350
60675046
60621977
61132414
60838085
61133892
61134318
60963352
60921093
61133738
60899216
61131231
59499069
61089754
61118004
58645195
60877690
61120630
59940236
61071557
59607449
61134743
60515592
60858880
61042564
60839825
60843722
61122509
60176269
60487621
60914940
60924177
60871117
58886089
61133583
60922350
60913993
60888815
61128420
60900564
59139704
60950332
61121310
61133019
59606634
61132021
60911932
61030703
61120420
60894728
61130528
59684946
59291526
60482525
60867021
61127007
60922392
61126552
59372522
61042813
59126839
60761548
61028223
61072965
60896933
60751201
59049888
61131471
60889333
61132083
61121267
61108447
60885172
56629267
61117236
57428419
61115991
60872170
60927285
60841346
60681815
60729268
60941869
60032899
59640273
61134822
61131244
61133654
60922956
56644170
60317709
61121142
60756477
61131668
61129650
61128511
61008352
61095430
61097541
60746349
60907879
61122509
60176269
60487621
60914940
60924177
60871117
58886089
61133583
60922350
60913993
60888815
61128420
60900564
59139704
60950332
61121310
61133019
59606634
61113427
61121212
60614716
61049587
60923564
60912580
61074748
57872563
60960883
60508890
60879450
60869037
61128493
61041366
60419258
60867817
61129749
61135331
61120023
60407960
61100985
61124327
59795644
60385585
60880435
60925595
61133899
61127211
61014655
60569844
60893323
60015000
61118197
58836953
61133770
59831293
59879525
61054778
61065422
60610082
60659949
61131242
60863389
61107138
60744709
60831898
60495701
60924094
56571343
60433391
59000836
60921344
60034026
61132334
61134228
59704601
60969418
61120232
61017628
60899611
59449550
61132021
60911932
61030703
61120420
60894728
61130528
59684946
59291526
60482525
60867021
61127007
60922392
61126552
61113427
61121212
60614716
61049587
60923564
60912580
61074748
57872563
60960883
60508890
60879450
60869037
61128493
61041366
60419258
60896743
61092195
60936237
60921088
61134490
60709907
60669486
60886436
61055001
61125711
61051443
61121307
60902104
60897119
61089395
60059165
60810439
61135017
61132349
60736708
60310167
60876703
61130363
60867152
61133028
61128663
60863203
60816436
60919550
59576206
61132944
61121940
60792421
60865239
61082478
60832209
61133296
60815658
60886154
57403023
60885024
60725964
61121439
59671475
60557794
60901309
61123554
61071243
61121782
61121054
59480759
61120743
61041650
60122410
60848352
60806795
58053922
60915014
61090150
61052203
60829544
60690142
60867817
61129749
61135331
61120023
60407960
61100985
61124327
59795644
60385585
60880435
60925595
61133899
61127211
60896743
61092195
60936237
60921088
61134490
60709907
60669486
60886436
61055001
61125711
61051443
61121307
60902104
60897119
61089395
60059165
60892247
58691790
61134308
61129507
61126657
60745770
59129881
58413335
55813943
61120265
61124285
61133511
60765188
60909201
61117585
60917227
60442228
61100317
60872582
61133841
61129287
58651469
58803466
61131406
60916096
60899227
59063281
60915171
60504343
59500694
60748657
60900877
61111336
59022285
60672375
61125253
60807293
60777812
60911227
56784104
60811851
60914868
60635177
60796798
61130724
61129756
61011992
61103158
60914038
60679753
61122542
61116746
60885209
60454793
60671879
60698463
61015967
60877564
61128175
60973995
60910692
61121561
60918056
60893075
60810439
61135017
61132349
60736708
60310167
60876703
61130363
60867152
61133028
61128663
60863203
60816436
60919550
59576206
61132944
61121940
60892247
58691790
61134308
61129507
61126657
60745770
59129881
58413335
55813943
61120265
61124285
61133511
60765188
60909201
61121678
60694519
61010540
61067032
61130712
61101182
61092425
61135095
61098406
60861002
61120459
61063587
61132457
61130379
60906333
60203530
60578207
58715473
56547797
60836515
61133844
60588314
60975633
60756774
61121407
60648403
61127575
60888025
59162332
60677587
60996974
61085249
60884320
61129586
59912671
60551090
57957529
60947859
61079194
60780280
60906465
61130568
60474813
60910812
60543699
60361810
58850010
60898965
61109259
59006042
61120061
61117559
60986891
60555953
60818460
61120179
60791803
60915979
61111581
61118208
60906904
61128350
61117585
60917227
60442228
61100317
60872582
61133841
61129287
58651469
58803466
61131406
60916096
60899227
59063281
60915171
60504343
59500694
60748657
60900877
61111336
61121678
60694519
61010540
61067032
61130712
61101182
61092425
61135095
61098406
60861002
61120459
61063587
61132457
61130379
60723106
61119257
61131396
59941341
60628011
61131061
61122877
57989272
60328367
60801987
56806549
61131178
61112719
61064309
60912714
61119323
59695042
60805015
61102929
60467620
61126787
60673350
60909624
60923839
61100761
60421253
61046173
60782413
61046159
61132867
60675046
60621977
61132414
60838085
61133892
61134318
60963352
60921093
61133738
60899216
61131231
59499069
61089754
61118004
58645195
60877690
61120630
59940236
61071557
59607449
61134743
60515592
60858880
61042564
60839825
60843722
56644170
60317709
61121142
60756477
61131668
61129650
60906333
60203530
60578207
58715473
56547797
60836515
61133844
60588314
60975633
60756774
61121407
60648403
61127575
60888025
59162332
60677587
60996974
60723106
61119257
61131396
59941341
60628011
61131061
61122877
57989272
60328367
60801987
56806549
61131178
61112719
61064309
61073098
60814693
57941322
59783864
60990231
59099405
61048707
58800796
60976026
60475311
61132872
60864132
61123827
60927692
59032127
60887129
60907183
59531126
60922593
60670699
60523165
59407381
61131497
61088646
61102616
60899646
61122805
60887173
61114856
61133550
61122124
61128511
61008352
61095430
61097541
60746349
60907879
61122509
60176269
60487621
60914940
60924177
60871117
58886089
61133583
60922350
60913993
60888815
61128420
60900564
59139704
60950332
61121310
61133019
59606634
61132021
60911932
61030703
61120420
60894728
61130528
59684946
59291526
60912714
61119323
59695042
60805015
61102929
60467620
61126787
60673350
60909624
60923839
61100761
60421253
61046173
60782413
61046159
61132867
61073098
60814693
57941322
59783864
60990231
59099405
61048707
58800796
60976026
60475311
61132872
60864132
61123827
60927692
59032127
60887129
61097754
61076388
60905015
58835435
56785264
61132202
60763726
60434481
60757329
60921175
60910554
56979791
61058340
56607956
60923656
61133603
60982601
60818631
60615672
61070993
60904484
61085974
60493304
61118272
61121172
60883504
61127616
61115350
61133142
60278927
61120943
60482525
60867021
61127007
60922392
61126552
61113427
61121212
60614716
61049587
60923564
60912580
61074748
57872563
60960883
60508890
60879450
60869037
61128493
61041366
60419258
60867817
61129749
61135331
61120023
60407960
61100985
61124327
59795644
60385585
60907183
59531126
60922593
60670699
60523165
59407381
61131497
61088646
61102616
60899646
61122805
60887173
61114856
61133550
61122124
61097754
61076388
60905015
58835435
56785264
61132202
60763726
60434481
60757329
60921175
60910554
56979791
61058340
56607956
60923656
61133603
60982601
61134875
60946363
60895544
58517683
61127166
61055104
60756820
60992857
60819318
60882225
58573543
60645346
61131218
57227329
61132449
61036962
60902062
60434848
56973565
61120928
61133815
60886499
60320979
61121672
60864825
61122010
61125641
61054967
61103349
60243682
60995460
60880435
60925595
61133899
61127211
60896743
61092195
60936237
60921088
61134490
60709907
60669486
60886436
61055001
61125711
61051443
61121307
60902104
60897119
61089395
60059165
60810439
61135017
61132349
60736708
60310167
60876703
61130363
60867152
61133028
61128663
60863203
60818631
60615672
61070993
60904484
61085974
60493304
61118272
61121172
60883504
61127616
61115350
61133142
60278927
61120943
61134875
60946363
60895544
58517683
61127166
61055104
60756820
60992857
60819318
60882225
58573543
60645346
61131218
57227329
61132449
61036962
60902062
60434848
58589924
60734101
61086347
59706932
60884356
60297829
60818085
61133175
60715861
60874787
61026383
61119534
61120214
60912479
59477532
61130350
61134821
60070052
60872277
61134199
59683661
58779736
58934551
61118414
61131403
61105421
61105803
61046911
58548840
60816436
60919550
59576206
61132944
61121940
60892247
58691790
61134308
61129507
61126657
60745770
59129881
58413335
55813943
61120265
61124285
61133511
60765188
60909201
61117585
60917227
60442228
61100317
60872582
56973565
61120928
61133815
60886499
60320979
61121672
60864825
61122010
61125641
61054967
61103349
60243682
60995460
58589924
60734101
61086347
59706932
60884356
60297829
60818085
61133175
60715861
60874787
61026383
61119534
61120214
60912479
59477532
61130350
61134821
60070052
60872277
61134199
59683661
61075231
60882312
60889908
60901379
60578030
60516650
61072175
60615148
58727257
61121273
57405431
61120163
60891566
61104034
60779501
60883817
61119932
60885564
61126332
61134954
61060365
59334269
60915029
60926080
61132925
61064250
59706832
60656962
61128671
60313974
61133841
61129287
58651469
58803466
61131406
60916096
60899227
59063281
60915171
60504343
59500694
60748657
60900877
61111336
61121678
60694519
61010540
61067032
61130712
61101182
61092425
61135095
61098406
60861002
61120459
61063587
61132457
61130379
60906333
60203530
60578207
58715473
58779736
58934551
61118414
61131403
61105421
61105803
61046911
58548840
61075231
60882312
60889908
60901379
60578030
60516650
61072175
60615148
58727257
61121273
57405431
61120163
60891566
61104034
60779501
60796212
61129332
61123896
59127066
60482244
60791481
61130281
61083662
61127615
59377330
60896474
58729178
61063070
60554615
61133809
56547797
60836515
61133844
60588314
60975633
60756774
61121407
60648403
61127575
60888025
59162332
60677587
60996974
60723106
61119257
61131396
59941341
60628011
60883817
61119932
60885564
61126332
61134954
61060365
59334269
60915029
60926080
61132925
61064250
59706832
60656962
61128671
60313974
60796212
61129332
60903610
61080298
60581578
60914568
60700399
60694871
60801974
60868792
60921560
60843787
60823753
60924235
59947050
60837793
60844249
61128424
60941865
61134422
60920422
60672876
61102810
61119113
60863889
60893388
61135440
60358747
60862401
61126551
61120018
61124244
58261568
61131061
61122877
57989272
60328367
60801987
56806549
61131178
61112719
61064309
60912714
61119323
59695042
60805015
61102929
60467620
61126787
60673350
60909624
60923839
61100761
60421253
61046173
60782413
61046159
61132867
61073098
60814693
57941322
59783864
60990231
59099405
61048707
58800796
61123896
59127066
60482244
60791481
61130281
61083662
61127615
59377330
60896474
58729178
61063070
60554615
61133809
60903610
61080298
60581578
60914568
60700399
60694871
60801974
60868792
60921560
60843787
60823753
60924235
59947050
60837793
60844249
61128424
60941865
61134422
60865706
60887769
61128558
60905401
61078949
59659124
61119480
60856463
61099705
60886775
61103334
61027404
61121919
60039325
60894544
60922795
60881684
60968787
60972781
61073312
60366403
55803395
61100691
60160711
60879047
60945134
60893876
60568075
60913139
56763027
60826478
60976026
60475311
61132872
60864132
61123827
60927692
59032127
60887129
60907183
59531126
60922593
60670699
60523165
59407381
61131497
61088646
61102616
60899646
61122805
60887173
61114856
61133550
61122124
61097754
61076388
60905015
58835435
60920422
60672876
61102810
61119113
60863889
60893388
61135440
60358747
60862401
61126551
61120018
61124244
58261568
60865706
60887769
61128558
60905401
61078949
59659124
61119480
60856463
61099705
60886775
61103334
61027404
61121919
60039325
60331810
60811890
60683441
57963911
61134970
60727880
61117415
61122569
61120431
60925088
59512663
59500067
60607672
61133170
60825701
60660574
61133783
61085817
61105487
61123243
61133829
60909273
60408831
61021771
60732549
60558126
56785264
61132202
60763726
60434481
60757329
60921175
60910554
56979791
61058340
56607956
60923656
61133603
60982601
60818631
60615672
61070993
60904484
61085974
60493304
61118272
61121172
60883504
61127616
61115350
61133142
60894544
60922795
60881684
60968787
60972781
61073312
60366403
55803395
61100691
60160711
60879047
60945134
60893876
60568075
60913139
56763027
60826478
60331810
60811890
60683441
57963911
61134970
60727880
61117415
61122569
61120431
60925088
59512663
59500067
60873249
60892165
60915052
61121862
59012074
60825353
60624928
61118415
61122721
61118304
56918275
56600653
61116917
61131597
59548576
61094492
61069226
61133519
61115283
60924372
61094785
60922184
60706074
60278927
61120943
61134875
60946363
60895544
58517683
61127166
61055104
60756820
60992857
60819318
60882225
58573543
60645346
61131218
57227329
61132449
61036962
60902062
60607672
61133170
60825701
60660574
61133783
61085817
61105487
61123243
61133829
60909273
60408831
61021771
60732549
60558126
60873249
60892165
60915052
61121862
59012074
60825353
60624928
61118415
61088981
61130755
61099757
61129325
61062020
60924743
60813338
61131434
60855266
61135137
58975682
61135001
60434848
56973565
61120928
61133815
60886499
60320979
61121672
60864825
61122010
61125641
61122721
61118304
56918275
56600653
61116917
61131597
59548576
61094492
59576376
60730899
61133974
60865751
59053395
59415021
60925239
60493310
61056855
60745644
61054967
61103349
60243682
60995460
58589924
60734101
61086347
59706932
60884356
60297829
60818085
61133175
60715861
60874787
61026383
61119534
61120214
61069226
61133519
61115283
60924372
61094785
60922184
60706074
61088981
61130755
61099757
61129325
61062020
60924743
60813338
61131434
60855266
61135137
58975682
61135001
59576376
60730899
61114684
60896363
61005369
60957128
61038277
60472867
61117793
60681569
61124220
61118116
61044483
61121339
61108367
60703971
61129792
60001749
61130588
60682913
60912479
59477532
61130350
61134821
60070052
60872277
61134199
59683661
58779736
58934551
61118414
61131403
61105421
61105803
61046911
58548840
61075231
60882312
60889908
60901379
60578030
60516650
61072175
60615148
61133974
60865751
59053395
59415021
60925239
60493310
61056855
60745644
61114684
60896363
61005369
60957128
61038277
60472867
61117793
60681569
61124220
61118116
61044483
61121339
61108367
60703971
61129792
60001749
61120291
61046916
60872409
61103295
60874497
61130558
61134476
60883778
60690732
61129685
61020966
60881071
61115435
60358984
60468105
61131566
58919765
61047807
61132075
60890339
61129692
60876148
58727257
61121273
57405431
61120163
60891566
61104034
60779501
60883817
61119932
60885564
61126332
61134954
61060365
59334269
60915029
60926080
61132925
61064250
59706832
60656962
61128671
60313974
60796212
61129332
61123896
59127066
60482244
60791481
61130281
61083662
61127615
59377330
61130588
60682913
61120291
61046916
60872409
61103295
60874497
61130558
61134476
60883778
60690732
61129685
61020966
60881071
61115435
60358984
60468105
61131566
58919765
61047807
61132075
60890339
61129692
60876148
60869358
60910594
61116818
61134842
61130601
60869358
60910594
61116818
61134842
61130601
60903653
60886702
61054763
58538196
60915968
60681742
61118594
60554312
58040389
61022489
61117274
56805185
60831239
61119782
60621725
61115918
61125017
61134196
60871988
59108860
61132156
61121674
59604721
60838387
60896474
58729178
61063070
60554615
61133809
60903610
61080298
60581578
60914568
60700399
60694871
60801974
60868792
60921560
60843787
60823753
60924235
59947050
60837793
60844249
61128424
60941865
61134422
60920422
60672876
61102810
61119113
60863889
60893388
61135440
60358747
60862401
61126551
60903653
60886702
61054763
58538196
60915968
60681742
61118594
60554312
58040389
61022489
61117274
56805185
60831239
61119782
60621725
61115918
61125017
61134196
60871988
59108860
61132156
61121674
59604721
60838387
60916244
60434626
56603213
60750445
60848184
60893244
61104052
60883198
60916244
60434626
56603213
60750445
60848184
60893244
61104052
60883198
59958038
61134791
60914519
61059186
61113405
59470643
60894446
60605487
61131563
61121331
59312708
57289891
61118199
61008906
61134841
60903981
61053142
58941848
60449281
60872704
60904666
61068697
61120018
61124244
58261568
60865706
60887769
61128558
60905401
61078949
59659124
61119480
60856463
61099705
60886775
61103334
61027404
61121919
60039325
60894544
60922795
60881684
60968787
60972781
61073312
60366403
55803395
61100691
60160711
60879047
60945134
60893876
60568075
59958038
61134791
60914519
61059186
61113405
59470643
60894446
60605487
61131563
61121331
59312708
61079096
60917995
60742095
60899520
61121855
61132985
61133492
60931274
58687825
59790231
60847686
61116022
61133745
60801278
61123143
60877179
60784299
60878862
61119001
58252678
61075524
60976608
56569397
60893879
60910532
61133498
60780049
60870083
61117767
60913139
56763027
60826478
60331810
60811890
60683441
57963911
61134970
60727880
61117415
61122569
61120431
60925088
59512663
59500067
60607672
61133170
60825701
60660574
61133783
61085817
61105487
61123243
61133829
60909273
60408831
61021771
60732549
60558126
60873249
60892165
57289891
61118199
61008906
61134841
60903981
61053142
58941848
60449281
60872704
60904666
61068697
61079096
60917995
60742095
60899520
61121855
61132985
61133492
60931274
58687825
59790231
60847686
61116022
61133745
60801278
61123143
60877179
60784299
60878862
61119001
58252678
61075524
61037202
61128607
60950987
60913286
60869457
61132500
61130477
57650271
59456444
61118211
60782516
60834743
59638440
60907446
61105422
58244213
61082283
61135054
60878896
60922898
58790817
59094364
59477437
61076893
61095404
61126376
60865106
61111819
61049546
60492838
61133673
61128632
60891817
61118359
60915052
61121862
59012074
60825353
60624928
61118415
61122721
61118304
56918275
56600653
61116917
61131597
59548576
61094492
61069226
61133519
61115283
60924372
61094785
60922184
60706074
61088981
61130755
61099757
61129325
61062020
60924743
60813338
61131434
60855266
61135137
58975682
60976608
56569397
60893879
60910532
61133498
60780049
60870083
61117767
61037202
61128607
60950987
60913286
60869457
61132500
61130477
57650271
59456444
61118211
60782516
60834743
59638440
60907446
61105422
58244213
61082283
61135054
60878896
60922898
58790817
59094364
59477437
61076893
61095404
60915207
60404633
61012950
61122137
60905715
61119620
61015300
61099825
58657028
61135142
56620856
61069915
60873186
61123101
55804247
61129584
60864624
61132996
60874470
61127217
60483001
59856555
61102990
61133063
61059198
60902937
60200404
61129641
61135001
59576376
60730899
61133974
60865751
59053395
59415021
60925239
60493310
61056855
60745644
61114684
60896363
61005369
60957128
61038277
60472867
61117793
60681569
61124220
61118116
61044483
61121339
61108367
60703971
61129792
60001749
61130588
60682913
61120291
61046916
60872409
61103295
61126376
60865106
61111819
61049546
60492838
61133673
61128632
60891817
61118359
60915207
60404633
61012950
61122137
60905715
61119620
61015300
61099825
58657028
61135142
56620856
61069915
60873186
61123101
55804247
61129584
60864624
61132996
60874470
61127217
60483001
59856555
61128691
60796810
60454888
60983296
61128776
61123978
61128183
60363670
61106258
60925210
59027938
60891844
60313400
60903318
60996012
59414303
60434265
61129630
58939361
60877478
56794445
61008824
61115943
60870054
61132807
60856634
61120870
60905903
61050596
61121923
59493116
60467639
60874497
61130558
61134476
60883778
60690732
61129685
61020966
60881071
61115435
60358984
60468105
61131566
58919765
61047807
61132075
60890339
61129692
60876148
60869358
60910594
61116818
61134842
61130601
60903653
60886702
61054763
58538196
60915968
60681742
61118594
60554312
58040389
61022489
61102990
61133063
61059198
60902937
60200404
61129641
61128691
60796810
60454888
60983296
61128776
61123978
61128183
60363670
61106258
60925210
59027938
60891844
60313400
60903318
60996012
59414303
60434265
61129630
58939361
60877478
56794445
61008824
61115943
60870054
61132807
60856634
61120870
61124570
60683640
60737939
61051186
61133197
61130440
60284965
60820006
60989137
59192352
61122668
61089848
61076851
61127191
60886888
60792444
61133085
61059722
60680002
61135019
60860282
61131559
61029009
60908230
59491982
58841079
60975383
61127046
61063831
59090000
60646208
60920050
61088212
61117274
56805185
60831239
61119782
60621725
61115918
61125017
61134196
60871988
59108860
61132156
61121674
59604721
60838387
60916244
60434626
56603213
60750445
60848184
60893244
61104052
60883198
59958038
61134791
60914519
61059186
61113405
59470643
60894446
60605487
61131563
61121331
59312708
57289891
60905903
61050596
61121923
59493116
60467639
61124570
60683640
60737939
61051186
61133197
61130440
60284965
60820006
60989137
59192352
61122668
61089848
61076851
61127191
60886888
60792444
61133085
61059722
60680002
61135019
60860282
61131559
61029009
60908230
59491982
58841079
60975383
61127046
61063831
61124886
59635697
60732149
61114372
60665636
61233424
61349762
61331014
61118199
61008906
61134841
60903981
61053142
58941848
60449281
60872704
60904666
61068697
61079096
60917995
60742095
60899520
61121855
61132985
61133492
60931274
58687825
59790231
60847686
61116022
61133745
60801278
61123143
60877179
60784299
60878862
61119001
58252678
61075524
60976608
59090000
60646208
60920050
61088212
61124886
59635697
60732149
61114372
60665636
61356543
61349049
61334703
61353542
61056344
61053554
60200404
60837793
56569397
60893879
60910532
61133498
60780049
60870083
61117767
61037202
61128607
60950987
60913286
60869457
61132500
61130477
57650271
59456444
61118211
60782516
60834743
59638440
60907446
61343776
61338093
61342947
61340419
61350043
1000182670
1000182904
1000182903
1000182879
61105422
58244213
61082283
61135054
60878896
60922898
58790817
59094364
59477437
61076893
61095404
61126376
60865106
61111819
61049546
60492838
61133673
61128632
60891817
61118359
60915207
60404633
61012950
61122137
60905715
61119620
61015300
61099825
58657028
61135142
56620856
61069915
60873186
61123101
55804247
61129584
60864624
61132996
60874470
61127217
60483001
59856555
61102990
61133063
61059198
60902937
60200404
61129641
61128691
60796810
60454888
60983296
61128776
61123978
61128183
60363670
61106258
60925210
1000182910
1000182905
61348676
1000181796
1000181384
1000182026
59027938
60891844
60313400
60903318
60996012
59414303
60434265
61129630
58939361
60877478
56794445
61008824
61115943
60870054
61132807
60856634
61120870
60905903
61050596
61121923
59493116
60467639
61124570
60683640
60737939
61051186
61133197
61130440
60284965
60820006
60989137
59192352
1000181988
1000181845
1000181721
1000181490
61122668
61089848
61076851
61127191
60886888
60792444
61133085
61059722
60680002
61135019
60860282
61131559
61029009
60908230
59491982
58841079
60975383
61127046
61063831
59090000
60646208
60920050
61088212
61124886
59635697
60732149
61114372
60665636
60059165
59380794
59372522
59334269
59579368
59414303
60911124
59576376
59576206
60452366
59856555
61073039
61321695
60997290
60870083
60810439
61049523
61157351
61288366
59635697
1000182154
1000182185
1000181375
1000181374
1000182942
1000181894
1000182938
1000181577
1000181578
1000181336
60404633
59477532
60493304
60730899
60787858
60990231
61007742
60857796
60604480
60015000
60963447
59049888
61259248
61317154
61018931
61054967
61082300
61074703
59940236
60975633
1000182235
1000181464
1000181689
1000181792
1000181406
1000181540
1000181940
1000182490
1000181399
1000182432
61052203
61332172
61326132
61069915
61186777
61067032
61311559
61051443
61253050
61238826
60039325
60972781
61054231
60779406
58778214
58448858
61317478
61068981
61251903
60366403
1000181929
1000182008
1000181811
1000182606
1000181562
1000182074
1000182029
1000182221
1000182888
1000181645
61171005
61229944
61173959
61294774
61106153
61068368
60034026
61017628
61136358
61298503
60229852
59941341
61353079
59947050
60782024
59531126
59606634
61030924
61073339
61035666
1000181784
1000181518
1000181835
1000181488
1000182357
1000182068
1000181781
1000181911
1000182275
1000182401
61122836
61100761
61210840
61227390
60358747
59635883
61054137
61200278
61070993
61182093
59607449
60756477
59831293
60831898
61267113
60961192
59958038
61166720
61342885
61190168
1000182182
1000182094
1000181529
1000181363
1000181817
1000181882
1000181572
1000182092
1000182012
1000182010
60839525
61324762
61053142
61186762
61076388
61172695
61281200
61048461
61182914
61321785
59548576
60791481
61351055
60813338
61245200
61304339
58587797
60001749
60975383
61239370
1000182011
61173907
61323494
61182964
61247719
61264329
61153345
59659124
61256419
61314618
61293356
1000181876
1000182527
1000182515
1000182365
1000182513
1000182840
1000182597
1000181347
1000181919
60176269
61318351
61283937
61299443
61170657
61095404
60070052
61103349
61186564
59783864
61325272
61214875
60160711
60912580
61344365
61316460
61325404
61303059
61345282
61326177
1000182695
1000181423
1000182802
1000182243
1000181512
1000182837
1000182631
61304306
61352379
61291099
61353135
61054778
61181204
61303690
61055104
1000182770
1000182039
1000182061
60734101
61353415
60844249
61316745
61222646
61152892
60122410
61276952
61341649
61352494
61353660
61292083
61354953
61322325
61305554
61259097
1000181957
1000182489
1000181754
1000182034
1000181504
1000182136
1000182017
1000182338
1000182611
1000181829
61291199
61066837
61331843
61333022
61280871
61259485
61339402
61349394
61354440
61324533
1000182846
1000182088
1000182100
1000181430
1000181428
1000182512
1000182754
1000181711
1000182884
1000182615
61341643
61350707
61314893
61357843
61292328
61312667
61306057
61242436
61307856
61352251
1000182254
1000181349
1000182740
1000182438
1000182924
1000182926
61354076
1000182764
61355910
1000182709
61355019
61299591
61350629
61315955
61328138
61324185
61353874
61352340
61356635
61351626
1000181991
61325970
1000182188
1000182123
1000182069
1000182633
1000182315
1000182798
1000181886
1000182585
61339214
61344622
61348356
61320306
61333657
61310958
61351390
61328033
61322316
61310571
1000182616
1000181343
1000182409
1000182793
1000181822
1000182033
1000181449
1000182089
1000182868
1000182814
61357929
61305227
61330687
61350225
61308976
61318766
61296186
61322011
61340619
61349529
1000181916
61356293
1000182907
1000181601
1000182892
1000182042
1000182643
1000182551
61350382
1000182199
61340168
61355653
61357736
61357768
61351921
61349038
61351003
61354866
61316001
61334267
1000181525
1000182142
1000181653
1000181745
1000181866
1000182916
1000182366
1000182887
1000182174
1000181707
61351025
61314490
61356188
61353849
61325293
61349560
61326559
61355348
61305785
61354492
1000182408
1000181833
1000182040
1000182103
1000182113
61338817
1000182897
1000182554
1000182533
1000182909
61336148
61307913
61349531
61313395
61354632
61349441
61355859
61322311
61320998
61344822
1000182900
1000181673
1000181934
1000182374
1000182153
1000182152
1000181478
1000182941
1000182939
1000182937
61313661
61311490
61355256
61332867
61313099
61303426
61312732
61343727
61306164
61349599
1000181459
1000182276
1000181723
1000182236
61330510
1000181953
1000182190
1000182372
1000182430
1000181864
61332903
61318128
61322295
61321982
61357345
61322155
61353495
61355026
61357492
61355043
1000182569
1000182570
1000182122
1000182534
1000182075
1000182360
1000181836
1000182316
1000182279
1000182497
61305057
61352708
61352365
61346340
61351310
61323865
61336015
61303063
61353468
61338094
1000182455
1000182406
1000182635
1000182630
1000182273
1000182940
1000181696
1000181907
1000182183
1000182141
61322142
61321556
61309070
61305877
61356477
61349871
61308939
61338081
61327792
61325508
1000182509
1000181746
1000181881
1000181816
1000182895
1000182373
1000182473
1000181527
1000182334
1000182845
61311077
61357569
61310290
61327204
61334205
61303518
61316933
61318692
61352326
61324204
1000182332
1000181441
1000182920
1000182917
1000182913
1000182125
1000182079
1000182523
1000181923
1000182056
61310541
61320439
61303404
61334134
61320136
61321596
61313049
61164569
61325457
61311001
1000182501
1000182619
1000182252
1000181968
1000182002
1000182565
1000182500
1000182119
1000181854
1000182397
61348869
61334009
61309024
61321322
61332657
61340365
61308092
61357013
61349596
61312360
1000181514
1000181914
1000181510
1000181701
1000181702
1000182205
1000182250
1000181515
1000182277
1000182175
61324576
61303298
61326523
61306140
61310706
61313753
61321822
61355513
61345450
61305693
1000182457
1000182302
1000182301
1000182329
1000182201
1000182559
1000182160
1000181434
1000182621
1000181902
61311154
61321838
61320957
61323314
61324641
61353069
61309081
61356047
61353913
61310203
1000181962
1000182327
1000182571
1000181925
1000182078
1000181839
1000182063
1000182209
1000182896
1000182260
61307706
61311083
61306789
61310668
61314032
61311042
61304674
61321814
61316920
61347751
1000182838
1000182027
1000181851
1000182306
1000181898
1000182517
1000181812
1000182467
1000182464
1000181976
61356392
61314025
61354992
61322128
61313488
61343519
61356487
61357288
61357977
61327439
1000182410
1000182274
1000182102
1000182144
1000181751
1000182352
1000181794
1000182380
1000181903
1000181945
61345361
61309103
61344596
61355247
61311341
61324182
61338685
61355668
61357719
61345482
1000181805
1000182608
1000182529
1000181877
1000182288
1000182058
1000182346
1000182377
1000182179
1000182499
61357386
61334706
61327374
61307442
61355726
61324351
61342979
61355377
61305903
61355234
1000182115
1000182227
1000181785
1000182443
1000181897
1000182193
1000182134
1000182851
1000182934
1000182290
61356627
61327417
61330156
61350853
61317447
61316139
61306556
61353368
61350390
61329695
1000182622
1000182555
1000182475
1000182296
1000182919
1000182507
1000182535
1000181790
1000181905
1000182923
61334333
61350186
61350486
61321632
61314841
61352767
61355271
61357497
61333787
61311644
1000182902
1000182946
1000181795
1000182548
1000182861
1000181764
61329001
1000182440
61337770
61337780
61303807
61345227
61332614
61351402
61315989
61305532
61332036
61313190
61305362
61305100
1000182790
61339372
61331202
61347400
61355254
61338714
61327192
61348968
61325997
61329565
61324686
61328014
61307066
61355931
61353845
61357881
61338076
61344431
61332118
61349521
61329457
61336573
61324104
1000181380
1000181377
1000182948
61326065
1000181386
1000181472
1000181382
61349073
61307933
61355035
61329940
61321911
61324487
61335798
61350578
61348191
61309693
1000181891
1000181728
1000181555
1000181366
1000181364
1000181675
1000182028
1000181844
1000181551
1000182107
61310405
61316525
61351290
61310521
61305142
61350780
61315996
61355429
61318425
61308906
1000181932
1000181933
1000181379
1000181666
1000182031
1000182875
1000181401
1000182375
1000182156
1000181489
61319993
61337983
61354189
61315998
61340214
61352656
61340960
61306428
61348665
61317424
1000181766
1000181391
1000181228
1000181370
1000181462
1000181461
1000181369
1000181680
1000181456
1000181677
61319570
61310282
61319909
61356128
61352727
61356396
61346818
61309962
61355435
61308435
1000182073
1000181806
1000182354
1000182797
1000181335
1000182108
1000182307
1000181410
1000181409
1000182829
61310599
61320884
61310971
61357155
61352790
61352899
61333519
61354213
61333915
61305933
1000182270
1000181556
1000182231
1000182232
1000180879
1000181843
1000181793
1000182181
1000182878
1000182348
61350281
61349387
61310724
61346764
61323412
61355796
61354140
61310577
61354320
61356486
1000182381
1000181789
1000181657
1000182344
1000182345
1000181632
1000181846
1000181568
1000182757
1000181552
61314976
61345351
61355324
61313136
61357208
61308798
61306305
61315410
61318530
61352651
1000182781
1000182371
1000182155
1000181716
1000181392
1000181765
1000181980
1000181809
1000181810
1000182128
61323750
61355127
61330222
61312268
61318913
61309762
61315691
61351776
61310565
61319222
1000181861
1000181896
1000182912
1000182504
1000182713
1000182765
1000181585
1000182224
1000182053
1000182873
61355830
61350509
61327481
61350631
61349608
61331818
61308256
61351714
61319841
61330706
1000182889
1000182542
1000182465
1000181646
1000181606
1000181521
1000181520
1000182000
1000181517
1000182415
61325769
61321910
61353375
61335463
61327663
61313299
61339265
61323293
61326043
61353608
1000182246
1000181614
1000181613
1000181994
1000182413
1000182414
1000182118
1000182356
1000182278
1000182563
61324296
61307626
61348290
61355800
61305564
61350133
61351407
61354769
61351251
61353439
1000182314
1000182411
1000182216
1000182114
1000182495
1000182456
1000182462
1000182461
1000181639
1000181779
61305235
61335187
61351048
61334699
61346365
61310651
61322000
61345948
61355747
61311735
1000182240
1000182452
1000182404
1000182171
1000182712
1000181956
1000182166
1000182035
1000182099
1000182165
61357628
61321479
61307476
61354490
61319624
61313210
61313029
61304304
61342584
61354026
1000182234
1000182036
1000182096
1000181884
1000181885
1000182200
1000182162
1000182444
1000181547
1000182350
61316972
61303785
61313513
61321583
61324435
61354300
61308952
61318801
61321431
61324438
1000181949
1000182138
1000181533
1000181532
1000182484
1000182066
1000182811
1000181544
1000181747
1000181362
61310759
61306376
61319456
61333536
61310776
61325688
61324493
61319238
61351729
61305459
1000181571
1000182191
1000181773
1000181688
1000182297
1000182187
1000182336
1000182472
1000181875
1000182539
61319211
61328722
61314077
61330305
61317099
61325120
61341727
61321303
61311210
61347605
1000181875
1000182539
1000182933
1000182538
1000182650
1000181437
1000181869
1000181985
1000182649
1000182130
61347605
61326220
61351174
61350784
61349112
61318461
61349537
61355855
61323135
61325882
1000181629
1000181867
1000181627
1000181565
1000181865
1000182369
1000182753
1000181624
1000182368
1000182263
61317163
61352849
61342903
61310549
61329993
61332973
61352205
61318224
61319635
61346297
1000182325
1000182324
1000182600
1000181596
1000182557
1000182126
1000182127
1000181972
1000182080
1000181735
61346297
61310916
61313268
61343516
61340591
61314516
61357055
61323476
61357752
61355264
1000181738
1000181588
1000181736
1000182285
1000182256
1000182057
1000182866
1000181859
1000181857
1000181652
61351949
61351498
61313733
61306889
61305935
61321914
61354057
61355919
61351479
61307332
1000181650
1000181524
1000182418
1000182417
1000182579
1000181758
1000182247
1000182358
1000182050
1000181879
61351479
61307332
61331623
61319149
61319693
61353522
61311211
61341856
61348389
61314937
1000182553
1000182775
1000182860
1000181878
1000182823
1000181871
1000181398
1000181641
1000182214
1000181958
61358303
61318793
61353681
61330902
61317084
61356011
61341853
61354414
61353400
61329783
1000181641
1000182214
1000181958
1000181232
1000182213
1000182172
1000181830
1000181927
1000181700
1000182426
61314189
61314927
61335920
61321489
61305419
61340228
61310309
61322173
61334624
61304976
1000181700
1000182426
1000182944
1000182659
1000182658
1000182124
1000182532
1000181909
1000181825
1000182223
61311113
61328476
61344754
61313642
61351836
61333004
61326301
61319105
61317094
61348950
1000182223
1000182725
1000182222
1000182421
1000181600
1000182881
1000181537
1000181534
1000182442
1000182791
61321737
61332117
61313920
61312997
61310369
61303682
61343917
61353564
61316583
61305104
1000182196
1000182159
1000182019
1000182856
1000182305
61331475
1000181417
1000182477
1000182705
1000182788
61322007
61338758
61356595
61355622
61339204
61354056
61309277
61308268
61354835
61314167
1000181780
1000182848
1000181443
1000182400
61329879
1000182935
1000182090
1000182291
1000181975
1000181526
61332773
61311629
61353592
61351703
61306868
61326943
61357799
61308270
61303226
61329655
1000182736
1000182382
1000181242
1000181970
1000181971
1000181353
1000181354
1000181355
1000181431
1000181351
61348871
61351017
61305072
61334323
61327613
61316129
61318727
61339261
61346108
61351748
1000182581
1000181964
61352238
1000182891
1000181872
1000181717
1000182330
1000182613
1000182914
1000182806
61312565
61356342
61338007
61334691
61356630
61331448
61352686
61304349
61324378
61332707
1000182427
1000181592
1000182524
1000181350
1000182319
1000182642
1000182121
1000182578
1000182759
1000181769
61313656
61326980
61307931
61338466
61308817
61340114
61311466
61351045
61309710
61358118
1000182176
1000182496
1000181915
1000182391
1000182041
1000180893
1000182267
1000182146
1000182161
1000182198
61350323
61332900
61348719
61309333
61312837
61350139
61343703
61342516
61307118
61336052
1000182560
1000182304
1000182686
1000182023
1000181432
1000182546
1000182522
1000182207
1000181777
1000182269
61307263
61336552
61357518
61357195
61358054
61327631
61357274
61339127
60784299
61353717
1000182959
61339957
1000182828
1000181194
61324053
61334340
61326599
61353966
61324879
61345602
61303830
61308912
61332809
61309937
61307877
61313154
61318411
61332659
61356729
61315915
61352460
61328676
61334355
61337052
61348916
61350719
1000181198
61353838
61350160
1000181550
61311003
61347008
61306289
61357263
61319328
61341762
61314736
61307817
61316694
61330149
1000182901
1000181465
1000181987
1000181801
1000181208
1000182795
1000181719
1000181720
1000182825
1000181402
61355588
61351525
61304431
61350524
61304578
61352193
61353595
61343533
61357110
61314899
1000181767
1000181388
1000181371
1000181372
1000181807
1000181307
61347527
1000181460
1000181678
61355626
61305405
61353759
61354240
61327982
61334594
61310601
61304505
61311587
61307926
61334396
1000182072
1000182110
1000181722
1000181671
1000181937
1000182831
1000181383
1000181467
1000181981
1000181690
61350698
61346123
61348390
61325190
61351631
61341270
61348802
61353619
61354408
61306648
1000182767
1000181659
1000182638
1000181656
1000182343
61348759
61345360
1000182436
1000181538
1000182189
61353754
61320624
61356775
61351152
61335683
61356280
61311066
61334519
61337234
61349103
1000182434
61328117
1000182756
1000181739
1000182537
1000181482
1000181275
1000181274
1000182605
1000181586
61305321
61307986
61308410
61335853
61351171
61311429
61314458
61327773
61314501
61314309
1000182424
1000182363
1000182865
1000182863
1000181921
1000182220
61330541
1000181996
1000181615
1000181917
61324462
61311416
61305085
61309482
61316341
61347437
61314928
61343535
61314453
61316360
1000182047
1000182593
61330007
1000182744
1000182453
1000182450
1000181387
1000182488
1000182625
1000181693
61356263
61306310
61352676
61314724
61326748
61306095
61326255
61305792
61308559
61355186
1000181635
1000181887
1000181908
1000182706
1000181753
1000181545
1000181819
1000181543
1000181163
1000182480
61317231
61314545
61319549
61313856
61357608
61339226
61344946
61341144
61352488
61321997
1000182016
1000182135
1000181744
1000182093
1000182133
1000181686
1000182009
1000181237
1000182833
61337816
61353063
61327667
61323337
61356701
61342100
61317885
61356834
61342896
61311515
61306061
1000182961
1000181279
1000182293
1000181984
1000181628
1000182085
1000182674
1000182129
1000181567
1000182945
61348943
61313834
61317583
61317547
61339403
61352387
61354252
61314824
61354485
61309105
61347794
1000182261
1000182262
1000181594
1000182323
1000181590
1000181589
1000182525
1000181587
1000182257
61330300
61352853
61338552
61314579
61306283
61317285
61336446
61310303
61343965
61353566
1000181270
1000181924
1000182284
1000181267
1000181858
1000181651
1000182379
1000181788
1000182582
1000182890
61317175
61310466
61331058
61314251
61332104
61347750
61316359
61357030
61319542
61320028
1000181837
1000181759
1000181617
1000182051
61346294
1000182317
1000181965
1000182396
1000182355
1000181852
61312727
61346306
61334114
61353610
61353410
61355696
61352789
61348458
61357520
61357276
1000182312
1000182117
1000181709
1000182836
1000181913
1000182043
1000181704
1000182661
1000181863
1000182038
61355597
61310761
61303354
61355772
61326176
61311412
61347558
61357190
61308004
61334445
1000182628
1000182037
1000181697
1000182097
1000182655
1000182882
1000182485
1000181502
1000182245
1000182197
61321579
61317303
61350417
61354673
61357077
61306328
61335856
61355012
61350872
61317223
1000182195
1000182194
1000182192
1000182300
1000181328
1000181955
1000182684
1000182083
1000182526
61350855
61305012
61331763
61351056
61306661
61305940
61354460
61305589
61330888
61330404
61353951
1000181222
1000182258
1000182618
1000181743
1000182318
1000181772
1000181326
1000182673
1000181266
1000182120
61353068
61333384
61320375
61355621
61336164
61355682
61315645
61344801
61330075
61326101
1000182218
1000182562
1000181256
61336063
1000182403
61330135
61356910
1000182701
1000182140
1000181654
61310678
61329936
61352951
61307773
61350651
61343488
61329926
61315366
61304635
61357338
1000182095
1000182893
1000182086
61328189
1000181257
1000182699
1000181756
61325969
61335410
61356207
61344388
61323678
61356244
61338017
61349379
61310501
61327401
61353723
61357175
61304636
1000181936
1000181584
61343675
61342489
1000181803
1000181455
1000181850
1000182271
1000182519
1000182930
61305319
61353147
61319269
61356587
61326699
61320881
61347650
61305962
61344648
61307862
1000182752
1000182367
1000182567
1000182054
1000181999
1000182282
1000181783
1000182821
1000182148
1000182531
61348561
61346736
61318963
61354303
61355478
61326054
61323406
61329991
61339388
61348289
1000182687
1000181776
1000182264
1000182158
1000182476
1000182894
1000182091
1000181440
1000181930
1000182520
61328255
61303321
61322027
61349369
61350745
61358068
61351531
61347448
61315882
61321895
1000182931
1000182528
1000182131
1000181855
1000182665
1000182774
1000181420
1000182311
1000181481
1000182742
61318117
61316865
61354538
61344606
61353332
61310526
61315719
61355336
61306182
61154020
1000182387
1000182420
1000181823
1000182883
1000182541
1000182392
1000182295
1000182718
1000182469
1000182604
61331938
61325619
61310372
61317338
61342672
61351327
61356045
61356929
61334397
61325579
1000182006
1000182776
1000182749
1000182592
1000181755
1000181287
1000182707
1000182574
1000181742
1000181282
61352148
61316925
61348254
61354683
61316391
61320927
61304421
61309685
61311501
61327542
1000182782
1000182867
1000181967
1000181698
1000181334
1000181427
1000182292
1000182479
1000182789
61345506
61314844
61349418
61351181
61304247
61314653
61348309
61331095
61355525
61316967
61348664
1000181499
1000182947
1000181511
1000182624
1000182337
61335593
1000181899
1000182204
1000181643
1000182835
61356372
61324490
61308560
61358045
61354842
61337154
61315770
61345488
61354943
61318878
61351041
1000181732
1000182147
1000182492
1000181442
1000182675
1000181618
1000181338
1000181352
1000181439
61342825
61352277
61325643
61318352
61331055
61348264
61319417
61333929
61354500
61310171
1000181426
1000181960
1000182055
1000181523
1000182869
1000182013
1000181599
1000181948
1000182032
1000182683
61345324
61305096
61303665
61352976
61326070
61321529
61330247
61316364
61331094
61327546
1000182824
1000181405
1000181715
61354139
61339590
1000182150
1000181619
1000182530
1000181906
1000182087
61345398
61312921
61355594
61354942
61318281
61351307
61317652
61307079
61355159
61354233
1000181787
1000182466
1000182251
1000182362
1000182482
1000181476
1000182503
1000181826
1000181236
61338995
61326562
61356163
61357409
61357287
61349087
61351615
61330788
61347491
61341665
61345601
1000181381
1000181621
1000182228
1000182922
1000182841
1000182339
61351341
61331084
1000181771
1000182580
61308218
61307751
61354014
61304605
61319645
61322031
61311590
61322158
61351073
61312393
1000182116
1000182178
1000181990
1000182111
1000182508
1000182376
1000182106
1000181883
1000182248
1000182908
61323610
61356604
61325540
61348077
61345500
61352255
61356222
61353341
61350668
61308668
1000182416
1000181904
1000182168
1000181840
1000181943
1000182435
1000182335
1000182871
1000182020
1000182393
61356783
61351319
61355833
61356012
61334309
61329461
61347074
61315681
61317234
61313031
1000182854
1000182620
1000181768
1000182550
1000181983
1000182265
1000182936
1000182545
1000182044
1000182918
61315685
61350660
61351218
61309009
61354498
61353631
61305339
61318816
61332355
61347560
1000182561
1000182518
1000182070
1000181749
1000182932
1000181982
1000182405
61348717
61355817
61337114
61353631
61305339
61318816
61332355
61347560
61349887
61355480
61353719
61356660
61344831
61339306
1000181378
1000181548
1000181995
1000182952
1000182299
1000181466
1000182804
1000181986
1000181421
61356660
61344831
61358073
61349434
61356365
61356932
61349667
61349929
61356056
61355896
1000182007
1000182105
1000182906
1000182149
1000181682
1000182202
1000181848
1000182132
1000182428
1000181658
61355896
61355226
61351315
61351278
61357141
61355209
61346912
61357212
61350494
61354997
1000181658
1000181939
1000181895
1000182226
1000182708
1000181484
1000182395
1000182217
1000181509
1000181227
61354997
61357419
61356922
61349675
61358197
61350180
61350744
61358089
61357348
61354157
1000182217
1000181509
1000181227
1000181477
1000182609
1000182139
1000182283
1000181868
1000182328
1000182558
61347666
61347775
61350763
61351948
61346718
61350210
61350778
61352378
61356185
61012950
1000181791
1000182361
1000182313
1000181761
1000182641
1000182847
1000182390
1000182880
1000181358
1000182809
61353842
61350603
61358376
61354443
61347688
61358359
61346816
61350602
61069293
61358415
1000181271
1000182543
1000182419
1000181493
1000182862
61330434
1000182729
61333877
1000182898
1000182587
61358362
61259037
61358266
61357241
61358150
61358412
61008824
61325755
61308721
61348798
1000182584
1000182521
61347405
1000181727
1000182799
1000181446
1000182514
1000182049
1000181672
1000181935
61355033
61357405
61332912
61327367
61311393
61325745
61307113
61306887
61307484
61303460
61336017
61351633
1000182463
1000181463
1000181200
1000181197
1000181992
1000181593
1000182747
1000182244
61351651
61287442
61327452
61316593
61315372
61294822
61312047
61341524
61351721
61357481
1000182632
1000182680
1000182272
1000181737
1000181740
1000181703
1000182084
1000182445
1000181687
1000182281
61357509
61321684
61324643
61322051
61325337
61334104
61332658
61354349
61340110
61318286
1000181342
1000182238
1000182098
1000182437
1000181681
1000182677
1000182076
1000182082
1000182785
1000181873
61307483
61323193
61357328
61315520
61358016
61329651
61318719
61336315
61328461
61351480
1000182268
1000181920
1000182439
1000181818
1000182834
1000182842
1000182657
1000182249
1000182921
1000181418
61348385
61316807
61354464
61335589
61334289
61356794
61307730
61349834
61311486
61322245
1000182859
1000181824
1000182340
1000182239
1000181725
1000182347
1000181952
1000181998
1000182498
1000182552
61319166
61352345
61326555
61352136
61341076
61310189
61351200
61350686
61303252
61329726
1000181357
1000182566
1000181946
1000182280
1000181941
1000182857
1000182433
1000181931
1000182629
1000182447
61304154
61321731
61323559
61340249
61308542
61331098
61338576
61334212
61336549
61353470
1000182303
1000182170
1000181558
1000182342
1000181691
1000182385
1000181888
1000181479
1000182215
1000182173
61326730
61316378
61355933
61311153
61336948
61340437
61334381
61303683
61326083
61355080
1000181289
1000181560
1000182309
1000182590
1000182885
1000182349
1000182014
1000182516
61346793
1000181541
61314720
61333900
61348822
61326767
61324846
61306271
61350401
61309440
61356262
61337975
1000181763
1000182460
1000182626
61333313
61284411
61285501
61311650
61318259
61121508
61181712
61311425
61323973
61323240
61351229
61353587
61353364
61314340
61305939
61314059
61346140
61152440
60986035
61054933
60874221
60955028
61170139
61203774
60937891
60918910
60959341
61327508
61354133
61319107
61343648
61355208
61347055
61355067
61304771
61332722
61321388
61064592
61132359
60924737
61137190
61298586
60934838
60924265
61259111
61116059
60963647
61316773
61358135
61349797
61354231
61305769
61308596
61306089
61331152
61346921
61309993
60976394
61129257
61185036
61345384
61009153
61128335
61303369
61298073
61057306
60949403
61331091
61353379
61357727
61067420
60732149
61357994
61305162
61351001
61323918
61317462
61043136
60949859
61180953
61268095
61290649
61166369
61299806
61179087
61258347
61042383
61223921
61304812
61337494
59449550
61168162
59032127
61350676
61331109
61317448
61322063
61352300
61279983
61201899
61261443
61041170
61194036
61165543
61354438
60943019
61318787
61356025
61357584
61310919
61010540
61335551
61355070
61353987
61330375
61330768
61316375
60964335
61123100
60998180
61324181
61065349
61313697
61303400
61194203
60874718
61037678
61357285
60224144
61311791
61326406
61319908
61329559
61306127
61351205
61352375
61358093
61350458
60925969
60872827
60980353
61055828
61334852
61163825
60951194
61043382
61324281
61323120
61345513
61330744
61354809
60909661
60931940
61031581
61093010
61047143
61153349
61162741
60900957
61158764
61063470
61160618
61322423
61055556
61018980
61069284
61163976
61156837
61151911
61187005
61062678
61352814
61304964
60948485
61315240
61315684
61330677
61283876
61032768
61316187
61322399
61180165
61300657
61040892
61202731
61063429
60998521
61256861
61235642
60626279
61235092
61221071
61179158
61255110
61148622
61279734
61340550
61048172
61332224
61035053
61280784
60936300
61030245
61295132
60985249
61023038
61328473
61244040
61198727
61256156
61183182
61202155
61302281
61180231
61282468
61170860
61252765
61328547
60997165
61348745
61019571
61316237
61001433
61020402
61282844
60905842
61068306
61256263
61222073
61202474
61295774
61220149
61200406
61330867
61298452
61252238
61210376
60989303
61262514
60929121
61349133
61170054
61115394
60955986
61213911
61063708
61194270
61182329
61207130
61216845
61159316
61237584
61350598
61240555
61222678
61340403
61266420
61301984
61354084
61196955
61352088
61284338
61205150
61347518
61325744
61045173
61299785
61172310
61298978
61167480
61184851
61164829
61159500
61263845
61247443
61313108
61237155
61314590
61005962
61296174
61292998
61066764
61267224
61133845
61276239
61158489
61301298
61069226
61353479
61313592
61100691
61211938
61029009
61257027
61252834
61199371
61198358
61254340
61055590
61313755
61145446
61051276
61308860
61313818
61291246
60999208
60908123
61229576
61317172
61239271
61220297
61312236
61314979
61041217
61313654
61341783
61203855
61345481
61159346
61016061
61306327
61342874
60913574
61206793
60908387
61291777
61060602
61139946
61322153
61328600
61354456
61201223
61201061
61300330
61190182
61291795
61351393
61192039
61206203
61339352
61349593
61035399
61032664
61042226
61298433
61292398
61145305
61332395
61286601
61334847
61355773
61101182
61305311
61302196
61330786
61257865
61308097
60910756
61318484
61317034
61350531
60908930
61004500
61341813
61267192
60905303
61113714
61345647
61296683
61248517
61352784
61259069
61293085
61248667
61283717
61346825
61237289
61209498
61062835
61340043
61312451
61196801
61167961
61268248
61262611
61320650
61030975
61292130
61186219
61353394
61321884
61282411
61321357
61275261
61301853
61316442
61192893
61016981
61267444
61173563
60991865
61267737
61045997
61143117
61261653
61320993
61121553
61228357
61246841
61302271
61339989
61270469
61315352
61354449
61261095
61274029
61242212
61191095
61334769
61019615
61022021
61072368
61203264
61345374
61295541
61190227
61329720
61232730
61206831
61326624
61308099
61337738
61266635
61226032
61238179
61290707
61321382
61071879
61171914
61356148
61310592
61070715
61271781
61209620
61050590
61301530
61145492
61355333
61272622
61230730
61254325
61210683
61316222
61317291
61256277
61269398
61288035
61201733
61350484
61299579
61331068
61324647
61277196
61179437
61298283
61057272
61293135
61275276
61274145
61256729
61229050
61244029
61302634
61253438
61318453
61340471
61351235
61286767
61066676
61355462
61116543
61317072
61192310
61287134
61316308
61290383
61319775
61221621
61248655
61285180
61317511
61300164
61354016
61353701
61316167
61355388
61356843
61174905
61328158
61307690
61195672
61292958
61352403
61056752
61005683
61342931
61341191
61248427
61348402
61210645
61354568
61290009
61276972
61308949
61352425
61304248
61332070
61338807
61332516
61192564
61319778
61263958
61184086
61131476
61065279
61334082
61342818
61267698
61332531
61341238
61354249
61316581
61202252
61325975
61324355
61261229
61291789
61320961
61179964
61347402
61335226
61326240
61307215
61322109
61327596
61183059
61308291
61276304
61307229
61337634
61245306
61356277
61349010
61266685
61352594
61327167
61236415
61300936
61301520
61289273
61068918
61290238
61312699
61206579
61321001
61344457
61298344
61351871
61214805
61314612
61290504
61301474
61323704
61258870
61223822
61253856
61294404
61322079
61128764
61331720
61327382
61335714
61125851
61343511
61262824
61170816
61311071
61232472
61352472
61308621
61237829
61308842
61293637
61329096
61331928
61322314
61315858
61170816
61311071
61263757
61341330
61340639
61329068
61335181
61173392
61179114
61305384
61331928
61322314
61315858
61314866
61301368
61262538
61292711
61274689
61353747
61259388
61305384
61261581
61352657
61322086
61330668
61162813
61330806
61284928
61339234
61303214
61315858
61314866
61301368
61262538
61292711
61274689
61353747
61259388
61331310
61257926
61353992
61319224
61339464
61342759
61324344
61349822
61354656
61299833
61307874
61335730
61259388
61331310
61257926
61284389
61299701
61326351
61296484
61320376
61262091
61344489
61332875
61038244
61326242
61346945
61291893
61071212
61354633
61148751
61332468
61260604
61262091
61344489
61248661
61310704
61334191
61262708
61350358
61313426
61254436
61208907
61332468
61260604
61355396
61297673
61354507
61294314
61321123
61343662
61260662
61292140
61208907
61347687
61231045
61285387
61239466
61348335
61277630
61304932
61308163
61319598
61336009
61260625
61266240
61072244
61336553
61324966
61308537
61338006
61334952
61302857
61337580
61312375
61326500
61320311
61347769
61355326
61252665
61332472
61270820
61308414
61325711
61329628
61035605
61328930
61337136
61340273
61342812
61349551
61342908
61321177
61256456
61332832
61350739
61355758
61252637
61322034
61239056
61313958
61216955
61249266
61337777
61333784
61334142
61355645
61324108
61331864
61342623
61353078
61266206
61335578
61321433
61321752
61312025
61233272
61289943
61228214
61288440
61287082
61336031
61293753
61349785
61129400
61329562
61332249
61355314
61318356
61328003
61332065
61264321
61328774
61303602
61300852
61341459
61297941
61254301
61324178
61302574
61283178
61355469
61252049
61332989
61262272
61337702
61337100
61349047
61338765
61328845
61342491
61330909
61340606
61266580
61299967
61302712
61343465
61284162
61306210
61353764
61340688
61273699
61346675
61340095
61324304
61341759
61324486
61334751
61340079
61333155
61299438
61342513
61331957
61301390
61271108
61325570
61310503
61328035
61263379
61349482
61272421
61314591
61328446
61265326
61339351
61348446
61325175
61346846
61331638
61260824
61337548
61344941
61336718
61249347
61283287
61277427
61313340
61327750
61301383
61343132
61202862
61296651
61299888
61332506
61344854
61334361
61333573
61335279
61266030
61326693
61349094
61352890
61334272
61342522
61242369
61278654
61290726
61317633
61313839
61313137
61322156
61326776
61318842
61328870
61332640
61348918
61352236
61345305
61352810
61355907
61292876
61336257
61262556
61275863
61223859
61355361
61352134
61341854
61287983
61303706
61336805
61323284
61337472
61347417
61343938
61261228
61345216
61334078
61336241
61339356
61350452
61352362
61327471
61316742
61324155
61316710
61272113
61284974
61353254
61355566
61355387
61289684
61289672
61343550
61335457
61328854
61337901
61325806
61303137
61332368
61337967
61286312
61325817
61306215
61342771
61335478
61322307
61270909
61259635
61352683
61324164
61298922
61289982
61332320
61325868
61316470
61348302
61322176
61261428
61295056
61266495
61337925
61265934
61320654
61313034
61356844
61314798
61355844
61337279
61353457
61323450
61298000
61301995
61300745
61284298
61336956
61333273
61329454
61351184
61327068
61344832
61290434
61261055
61317494
61321372
61314144
61290705
61314245
61319887
61317908
61287304
61279615
61316016
61325189
61343847
61337489
61266196
61347115
61266242
61335019
61319272
61345337
61339131
61342952
61319938
61280588
61270840
61320871
61317201
61342643
61340586
61316603
61305652
61326860
61350063
61334080
61289334
61322828
61321101
61337609
61342568
61332303
61261176
61353272
61324385
61309040
61282597
61336243
61249634
61284488
61325159
61319890
61295682
61340545
61283987
61334091
61301420
61338569
61310568
61350716
61355352
61324188
61326347
61319305
61295993
61318991
61353338
61320916
61323025
61352453
61308233
61263862
61355297
61328348
61337973
61348246
61343401
61332312
61315552
61326698
61326339
61334882
61343945
61303217
61284817
61319601
61247392
61335975
61306947
61258450
61355339
61339883
61248356
61348902
61348714
61331855
61346249
61330504
61322243
61261208
61327906
61343450
61333893
61305174
61281578
61327899
61304540
61325507
61332653
61317482
61354342
61301898
61305056
61350317
61334085
61339395
61341297
61351067
61341530
61327369
61325700
61340178
61266478
61353652
61293419
61296934
61347002
61340833
61308723
61253622
61297206
61300222
61341653
61352459
61341848
61328394
61288394
61352257
61143348
61336808
61328175
61281464
61267420
61299966
61302849
61347426
61313411
61350742
61307283
61325855
61298249
61301065
61319245
61322606
61263608
61346981
61331926
61265017
61332203
61261996
61332099
61332032
61263086
61301997
61323212
61283802
61327573
61349771
61308129
61312564
61334824
61290427
61294142
61330818
61342830
61322092
61326015
61342670
61336373
61261650
61290788
61338289
61344595
61294656
61347696
61308886
61339888
61305653
61316776
61320582
61343248
61295332
61333018
61334538
61325999
61326840
61282697
61331158
61327744
61328725
61354267
61324470
61266135
61348992
61351588
61339128
61296032
61311918
61332115
61321475
61321572
61304727
61302968
61340385
61343409
61263493
61349464
61341417
61326598
61355883
61341424
61267489
61295017
61299881
61318720
61332239
61293187
61293633
61342902
61299774
61311874
61355397
61334734
61328307
61266381
61353665
61286650
61290893
61338198
61332332
61292550
61339462
61284513
61318947
61343911
61248933
61320975
61228682
61291125
61306462
61294555
61307687
61297140
61329600
61291773
61261604
61337214
61334793
61261619
61283163
61338667
61330244
61340256
61299322
61332003
61322141
61352646
61343620
61300246
61352780
61292567
61345522
61303457
61353786
61283574
61343046
61261758
61291166
61289002
61349932
61344983
61330653
61341368
61353924
61350376
61295634
61317093
61348146
61303446
61336294
61307782
61319657
61323626
61348140
61350999
61329656
61310604
61355283
61310618
61292450
61340233
61264774
61281446
61343517
61292485
61303253
61350386
61347561
61308720
61341479
61299970
61301631
61326796
61300200
61326125
61290892
61337182
61335474
61294840
61281560
61346931
61324024
61287583
61353327
61300652
61353824
61356044
61292852
61330191
61355845
61329923
61349760
61295824
61353386
61266632
61326058
61310745
61324426
61342949
61337964
61285629
61340567
61200901
61334813
61353233
61295675
61316046
61308607
61296805
61313605
61306594
61350104
61337832
61283318
61265302
61335771
61327601
61267848
61347665
61349397
61291121
61135558
61325906
61321432
61302273
61354495
61299726
61314845
61308701
61349687
61256013
61303113
61335786
61356493
61137957
61316451
61319156
61280934
61328552
61327751
61344675
61289187
61332529
61354064
61295745
61319684
61329047
61316676
61347760
61299434
61292827
61348957
61354959
61319112
61269220
61350211
61293079
61343410
61308650
61288726
61121828
61307519
61298562
61306296
61324454
61348724
61354000
61304506
61341765
61305363
61346392
61209624
61355184
61292487
61321762
61326701
61325329
61302997
61325336
61305856
61350646
61317171
61303002
61354527
61286809
61292883
61351807
61310447
61309139
61339090
61298910
61311026
61319475
61070352
61330855
61310774
61334956
61133239
61332550
61328368
61207339
61342382
61288266
61342431
61316528
61331570
61306102
61335596
61296184
61318230
61311309
61297450
61336048
61343526
61066647
61353708
61142194
61294991
61324101
61325634
61352360
61345376
61326649
61302212
61299910
61296347
61337248
61349855
61341300
61321613
61355398
61321536
61301920
61327634
61317290
61345214
61349528
61129555
61291329
61318710
61128410
61330062
61288558
61335599
61354597
61354667
61344572
61353760
61296696
61307591
61316354
61318317
61295153
61318859
61341534
61324114
61349388
61337627
61356564
61213448
61289228
61328750
61356576
61323689
61294544
61341751
61319246
61299835
61343849
61298944
61306786
61310370
61337310
61353696
61325713
61269080
61322151
61310368
61327806
61262841
61328772
61352923
61336868
61325954
61304589
61285355
61311734
61327586
61307296
61295172
61185179
61325687
61336259
61294942
61118483
61285418
61333041
61058871
61324873
61351538
61356301
61329705
61342473
61300969
61347721
61292058
61305543
61318439
61352119
61356797
61355374
61210743
61290904
61334164
61355082
61348517
61330785
61291585
61334349
61287729
61287747
61267308
61352066
61345683
61340634
61351322
61308273
61308038
61307849
61193629
61326154
61323429
61342660
61346909
61333825
61291624
61321968
61356942
61294997
61343914
61343615
61261267
61146215
61344499
61305312
61298969
61293402
61320869
61217439
61304805
61306960
61355567
61356647
61289166
61329801
61308584
61300552
61356387
61072144
61293473
61306558
61345498
61305922
61356930
61340328
61341748
61311008
61307993
61328346
61294317
61253888
61188607
61308359
61322030
61302180
61316036
61312003
61323452
61334436
61355518
61324580
61319115
61314199
61311061
61311551
61355955
61347063
61352143
61259091
61353618
61325344
61326459
61356818
61339159
61336517
61333984
61323479
61341812
61322723
61322448
61297113
61310841
61127062
61263746
61354623
61349912
61325493
61356055
61311233
61322236
61348193
61228795
61316833
61127062
61139699
61310856
61352234
61313090
61326411
61349832
61308007
61342826
61346317
61356055
61311233
61322236
61348193
61228795
61316833
61242343
61318188
61356220
61318618
61337523
61319390
61338938
61329843
61336028
61297308
61346871
61343807
61147254
61332039
61356220
61318618
61350639
61332597
61341332
61352327
61193469
61332012
61349868
61356339
61326932
61354281
61267051
61314924
61340248
61330067
61321746
61338843
61352864
61209746
61353496
61309905
61356125
61287972
61343924
61353915
61356719
61351239
61349115
61349375
61330067
61321746
61338843
61352864
61209746
61299314
61324275
61285919
61299329
61324377
61356482
61348287
61345523
61354060
61352092
61234820
61218436
61350518
61288444
61225939
61319206
61323081
61119395
61349145
61331984
61326370
61352564
61330023
61316738
61334660
61355964
61300004
61351841
61349627
61355913
61353693
61349389
61348130
61201956
61357062
61342617
61325111
61319144
61348874
61353908
61068659
61350619
61344576
61345436
61307212
61307846
61304695
61332353
61307422
61334839
61257872
61216733
61346371
61354878
61280111
61286680
61323902
61356132
61322106
61315574
61348899
61292226
61344538
61328176
61302503
61312042
61274899
61255179
61230334
61246540
61300343
61304043
61319773
61309196
61334868
61292244
61314152
61299778
61292255
61342955
61349623
61214379
61335796
61292289
61197096
61323908
61292161
61265220
61335368
61236108
61242917
61233628
61352654
61355236
61269992
61345295
61071052
61061004
61320667
61323690
61288521
61129525
61315927
61356619
61337653
61235930
61326114
61261466
61324333
61185480
61280641
61279790
61249170
61227465
61301448
61292077
61210090
61354985
61342820
61117007
61346770
61336437
61121551
61330676
61338808
61207986
61337838
61221772
61348925
61290209
61213077
61289168
61260962
61211131
61319828
61212028
61337904
61330118
61311295
61325436
61294264
61314321
61150491
61329689
61302720
61210958
61341428
61319045
61245221
61293920
61234716
61196096
61286777
61187603
61315688
61340059
61337204
61121687
61348817
61327274
61337946
61340105
61332057
61344762
61304480
61231999
61229380
61257826
61350562
61298536
61242404
61193916
61304792
61279254
61230401
61332075
61333911
61324219
61074864
61319614
61353035
61326679
61336351
61302969
61290879
61332446
61317312
61230092
61276371
61327529
61253956
61249480
61324030
61235553
61334321
61355693
61321383
61307560
61342800
61292559
61304638
61319661
61303028
61333872
61327236
61325947
61223785
61212953
61348646
61217398
61347722
61242282
61284014
61258634
61304922
61319737
61340159
61295971
61324494
61142400
61345658
61345590
61310617
61329903
61129618
61252345
61244873
61321387
61235818
61262574
61254645
61314514
61269058
61299224
61288021
61332511
61324411
61324102
61128627
61354202
61330999
61325780
61329463
61332153
61336060
61317415
61200775
61291152
61248848
61352856
61266168
61205377
61339249
61230316
61257898
61342607
61342609
61294846
61351061
61356687
61337088
61356696
61325525
61344448
61325366
61311507
61247012
61258849
61321688
61323790
61304912
61308712
61201601
61237890
61351746
61321709
61328188
61136465
61334362
61336120
61339035
61326137
61334553
61336322
61329741
61310859
61240234
61198890
61346024
61298990
61357061
61285422
61326009
61220878
61337112
61333700
61321986
61330685
61326313
61339140
61333109
61342799
61349758
61339225
61172656
61267028
61263055
61336251
61287001
61337196
61247711
61295245
61291108
61345598
61309012
60968110
61058207
60964555
61113553
61355832
61282277
61336313
61173346
61170095
61325460
61315959
61319716
61330662
61299631
61274242
61237484
61219968
61263421
61303206
61325960
61332489
61341277
61345673
61338913
61261852
61321068
61130271
61006556
61355962
61335634
61245979
61343445
61214018
61354327
61266633
61294219
61220601
61309960
61353112
61297926
61025569
61326657
61334306
61337897
61060294
61319141
61134908
61347753
61354688
61162223
61332323
61268210
61283104
61324125
61319283
61227878
61310208
61302988
61338715
61306141
61165093
61342475
61018218
61067727
61344409
61252552
61332766
61065512
61332945
61184393
61321908
61314238
61344423
61288246
61330568
61248823
61294001
61292771
61294653
61351595
61150366
61320872
61201567
61132249
61139948
61054271
61192927
61259849
61318115
61205340
61287655
61242325
61335860
61261696
61308823
61292186
61299968
61258940
61262133
61310427
61059703
61198342
61184778
61061523
61262060
61279289
61143884
61301153
61114034
61060950
61288438
61257324
61303410
61266282
61300379
61326183
61334895
61256517
61216329
61325100
61314288
61193852
61157691
61131393
61182676
61339082
61201753
61317917
61335491
61149107
61253300
61351858
61345377
61325002
61267064
61278723
61353388
61266769
61305378
61307722
61261372
61119839
61293095
61332372
61351744
61335558
61145722
61355858
61156353
61339075
61284232
61337423
61354012
61332925
61258689
61273832
61316950
61286690
61353585
61299675
61329574
61133813
61203926
61134230
61338634
61183126
61169750
61350319
61263181
61125846
61259239
61350649
61338706
61296120
61252070
61292169
61332146
61319282
61319654
61351050
61056669
61296818
61174336
61255159
61340473
61352702
61172536
61340091
61268030
61332096
61322371
61268983
61280432
61354849
61301803
61259730
61318154
61301637
61258550
61352312
61343922
61258381
61267993
61055875
61119326
61309003
61265759
61063464
61265839
61303255
61302393
61269822
61244440
61348696
61322006
61321669
61316305
61301809
61352497
61348443
61047844
61286653
61296037
61030829
61347435
61189062
61259127
61266059
61207122
61210635
61310322
61311343
61315975
61250102
61296763
61302831
61259093
61258928
61267651
61269203
61040613
61115275
61071545
61324474
61266503
61332343
61301718
61215446
61353714
61320095
61254339
61313229
61267750
61346259
61290881
61350682
61283647
61347771
61248048
61266413
61260496
61308746
61300350
61265219
61064829
61308202
61328605
61334411
61140306
61136821
61255126
61348368
61283901
61351469
61318896
61294239
61251603
61289131
61253570
61326726
61340133
61302527
61353311
61134984
61349386
61343992
61326640
61348184
61326712
61136246
61275713
61290004
61348754
61316450
61288255
61322214
61293859
61263727
61322660
61351359
61353471
61348164
61302918
61138246
61343484
61351126
61334604
61350387
61183732
61351822
61354889
61316668
61333255
61295465
61312453
61348464
61356731
61331837
61340489
61350650
61340492
61299280
61350645
61278271
61348364
61352664
61303658
61305905
61355083
61349378
61318607
61333656
61351475
61326216
61348185
61291158
61348234
61351636
61351753
61301588
61317098
61307833
61353240
61345425
61319387
61335821
61327182
61349842
61354295
61355269
61355394
61327959
61298471
61349090
61350781
61354232
61351444
61338954
61329766
61295577
61311075
61349362
61326190
61348857
61353957
61356234
61352276
61353821
61353309
61354165
61354748
61304166
61350736
61352105
61352939
61352582
61355363
61355456
61353436
61352369
61350699
61353006
61354126
61352933
61355382
61346739
61352373
61350338
61353117
61352551
61348179
61354211
61355981
61355272
61353624
61355183
61350733
61356121
61354508
61351395
61355911
61350260
61356327
61353111
61354072
61347676
61353337
61351400
61356181
61354387
61356193
61356987
61355152
61352232
61354523
61356534
61354248
61355787
61354391
61354277
61356347
61351681
61351785
61351599
61355246
61356407
61356754
61349935
61351866
61352358
61351222
61354310
61349926
61353089
61354830
61353317
61354545
61353559
61355039
61355433
61352545
61350545
61356727
61351649
61351650
61355145
61352402
61350608
61354686
61356242
61351455
61354346
61353435
61353557
61355746
61356597
61354528
61348361
61354641
61354841
61354967
61350803
61355814
61354913
61352766
61351043
61356875
61355936
61355073
61355029
61351562
61355825
61352829
61352093
61355795
61352998
61353416
61233966
61355165
61340657
61295645
61313169
61321901
61244002
61260581
61353664
61230492
61186483
61347528
61302287
61342487
61298905
61250547
61292519
61279007
61338933
61262815
61354280
61318073
61350068
61321797
61297166
61293547
61355158
61303121
61292735
61307181
61298241
61329957
61315888
61225378
61351116
61353659
61356658
61288991
61303175
61311933
61345606
61347684
61311496
61353397
61355902
61298734
61304685
61326003
61313381
61351070
61351694
61354974
61283947
61314258
61261416
61346362
61260528
61282838
61329240
61244122
61355305
61356227
61345660
61261376
61323759
61318097
61357187
61356998
61272657
61267976
61353091
61258035
61347790
61356204
61354468
61353921
61348033
61354900
61354596
61350400
61355144
61352563
61347709
61354390
61356771
61354257
61348270
61355950
61352751
61355794
61341470
61256262
61319314
61296724
61354592
61352235
61315949
61344496
61291262
61303240
61353437
