59975687
60336254
60275324
59094700
60324074
60196121
60103795
60300447
60306679
60320242
60327361
60326048
57941322
60097575
60302580
60337609
60290389
59980373
60327430
60295434
60327867
60318562
58728127
60289376
59291526
60274577
60296891
60305560
60297915
60199870
60299976
60300218
60337145
60332504
60335488
60305184
59480759
58841965
60226573
60331687
60279513
60307960
59704601
60147398
60255205
60281611
60266358
60136105
60322399
56918275
60306294
60290344
60298344
60178092
60289749
60292931
60289232
60286373
60300267
60325121
60129722
60311715
60297742
60156947
60259983
60245140
60290208
60305499
60316233
60331219
60316001
60287429
60242272
60289318
60312774
60329799
60313407
58790817
60262822
60303110
60306055
56603414
60293940
60063803
60307423
60319381
60335841
60264817
60336509
60307982
60081120
60329004
60329698
60257071
56979791
60230706
60286744
60271940
60265000
60300357
60335542
60245560
60301738
60334544
60066625
60211414
60258956
60335742
60280977
60210260
60288428
60279908
60225776
59839319
60238323
59888981
59606634
60229709
60285874
59380794
60302675
58886089
60293522
60220170
60070052
60264769
60303590
60291452
60316663
60336139
60334151
60274809
59512663
60288916
60290331
60324251
60308358
60249374
60259755
60213603
60305394
60286834
60148468
60028396
60297859
60311070
60215814
60297098
60236673
60039325
60299092
60273792
60289464
60335055
60290400
59603024
60275766
60316296
60297108
60307208
60257964
60292718
60226426
60279418
60243356
60287293
60160409
60286219
60290221
60167105
60283745
60283238
56547797
60307558
60335431
60309402
60284321
60274513
60257834
60207364
60258763
60325162
60336022
57957529
60314638
60295087
60321418
60304392
60337317
60334448
60292814
60255852
60288303
60337111
60332516
60287501
60333748
60315811
60230821
59678856
60242685
60236155
60294575
60268822
60301817
60303552
60290340
60336659
60030722
60276344
60321699
60274514
60326910
60305011
60261824
57405431
60333108
60324003
60299449
60263190
60125086
60279636
60335709
60294553
60337092
60303881
60303765
60289412
60326577
60327920
60286421
60202159
60297482
60325399
60021370
60295367
60236110
60202166
60301591
60223062
58835321
60283525
60312476
60286496
60290509
60277486
60337333
59706932
60198307
60289080
60308513
60290336
60312947
60229823
59129881
60336829
60244934
59531126
60336371
60311672
60289103
60287131
60289612
60227615
60298111
60273087
60334662
60297942
60225185
60289175
60292076
60280454
60231316
60295081
60289574
60303237
60318325
60200380
60310331
60285809
60324356
60201419
56785264
60334551
60190549
60305100
60291338
60302906
59456444
59449550
60295108
60032899
60288740
60247547
57448628
60286857
60283935
60292060
60223819
60236084
60291450
60307402
60262665
60252540
60294321
60284069
60334525
60266522
60282535
60292639
60268544
59460509
60290416
60284402
60292595
60287805
60289597
60307211
60337479
60292999
60172270
60303771
60133214
58990268
60309637
60320935
60312017
60235036
60317523
60299705
60166405
60300544
60290219
59509220
60244094
60287007
60262687
60319420
60132578
60296539
60287228
60302623
60297862
60292984
60313707
60295243
60316676
60297669
60273514
60271865
60296048
58727257
60294273
60281521
60003562
60047373
60286112
60337626
60321510
60272216
60308788
60286919
59010202
60287013
60335922
60334478
59892147
60283981
60290894
60312365
60303213
60258637
56569397
60298196
60286612
60160130
60333960
60238110
60331029
60287152
60205068
60294582
59334269
60248639
60333220
60306705
60333601
60293224
60023173
60226894
60241539
60300405
60318637
60296126
60219806
60321669
60189922
60249481
59022285
58715473
60283651
60250394
60321177
60330587
60313988
60289709
60277447
60296131
60286088
60255095
60263430
60326932
58848425
60170052
57400276
60269791
60134261
60336676
60303582
60330442
57598019
60270998
60292608
60231997
60328792
60330256
60329065
60289430
60336332
60316291
60323946
60298575
60165158
60300942
60317349
60277791
59006042
60313863
60293106
60310168
60322752
60324325
60310244
60309139
57403023
60337635
60312401
58918611
60254153
56620856
60276524
60304903
60282556
60275190
60307213
56020124
60312238
60298830
60191095
60324059
60318701
60275602
60311317
60277350
60323778
60327175
60303144
60313959
60280905
59900236
60063319
60217410
60224596
60296638
60292929
60313876
60033502
60336098
60258015
60319907
60218356
60315554
60296380
60316212
60264772
60268905
60292217
60297088
60285394
60326136
60335255
57196670
60168285
60169449
60239252
60333090
60320189
60220785
60283973
60268652
60258317
59057743
60325055
60299434
59346063
60314085
60295341
60286223
60285957
60333716
60308714
60262926
60292963
60326294
60287594
60336304
60314318
59671475
60309044
59856406
60274520
60290453
60336062
60293476
60326137
60214795
60328829
60259308
60285730
60321373
60225108
60302372
60136165
60289769
60302781
60289030
59470643
60287077
60337220
59671717
59659124
60299183
60294188
59912671
60279062
60177724
60301831
60313405
60251529
60324218
59879525
60296035
60173203
60221226
60313781
60300909
60200033
60258776
60335185
60173910
58766014
60336741
60268794
60289815
60294602
59783864
60282854
60297686
60289301
60296760
60290185
60094266
60329629
60288624
60309876
60288398
58836840
60294276
60163912
60315887
60268098
60332856
60286474
60322926
58157662
60263038
60194928
60278977
60236082
57872563
60299049
58989147
60300088
60238979
60298694
60300614
59053395
60211097
60286764
56794445
60288585
60307526
60222016
60237123
60332810
60251522
60336009
60314080
60314212
60286487
60294717
60328787
58806220
60081961
60299283
60289467
60246972
60312753
60314222
60208315
60291694
60323916
60286113
60301605
60251039
60034026
60291812
60227710
60297740
60323197
60107888
60309750
60289860
60304968
59312708
60246732
60293026
60333905
60182072
60122410
60286944
60324332
60322151
60271470
60090658
60264717
60322807
59990596
60313401
58693150
60311747
60146316
60321403
60255826
60056532
60297550
59499069
60327169
60312719
60278200
60310028
60299151
60308587
60321094
60288947
60287192
60334261
60237831
60306246
60097665
60088863
60264373
60292182
60252375
60290434
60294041
60316771
58548840
60141600
60307460
60304881
60333171
60307687
60086276
60280865
60324090
60334681
60205715
58934551
60334180
60259229
60315760
60297831
60328367
60260611
60190178
60322722
60333055
60293552
60286032
60278539
60330679
60248152
60294934
60146012
60310760
58413335
60317595
60296552
59434050
60329639
60289825
60286334
60292305
60256257
60293567
60037210
60335958
60289469
59826594
60334716
60290035
60068208
60290247
60332643
60335081
60262596
60316110
60285694
59004969
60223404
60307926
60252023
60308166
59833037
60297559
60216829
60300825
60333619
60287771
60301073
60308088
60302782
58665743
60262130
60293415
60312239
59709925
60269890
60305963
60286880
60300974
60215771
60286711
60327955
58919765
60313122
60269755
60325997
60307171
60105234
60337703
60314083
60233845
60236394
60155247
59000836
60326211
60334375
60283460
60226868
60111758
60283061
60333476
60310578
60294456
58651469
60203009
60310235
60283924
59006452
60196544
60251897
60291533
59008544
60329189
60203073
60335230
60168687
60292043
60086631
60252981
60246483
60310323
60290460
60255861
60289803
60282746
60296111
58261568
60286936
60240647
60336551
60297475
59638440
60301021
60306709
60329795
60312352
60301627
60336103
60289127
60335822
60296626
58779297
60291837
60284083
60309062
60140897
60299016
60296073
60267860
57650271
60302926
60192945
60245655
60252498
55859484
60295399
60314763
60290593
60299250
60332910
60133641
60325417
58841079
60294687
60273773
60307405
60329585
56784104
60295675
60172882
60251701
60141462
60337035
59961978
60224144
60322888
60292082
56607956
60320979
60307849
60305165
60202269
60295589
60242269
60297812
60069329
60229852
59477532
60291216
56973565
60232513
60296210
60331610
60284965
60315953
60289497
60235412
60159253
58836406
60248471
60290316
60210069
60315786
60310777
60300481
60304181
60307331
60309300
60330944
55804247
60164662
60288387
60309289
60280746
60334491
60293015
60287157
60283402
60289521
60173069
60295195
60289238
60085732
60337008
60336068
60287265
60252528
60074909
60332781
60153213
60069424
60335057
60332165
60271122
60259296
60189616
60256974
60316319
59012074
60023513
60296113
60304945
60334205
60299109
60286206
60295180
60311721
60333765
60296194
60311997
60296425
60336006
60204480
60293603
60315210
60217854
60312737
60311385
60309764
60233883
60310124
60172163
60079767
60289772
60335112
60254012
60080098
60335637
60332576
60304873
60307744
60291743
60282796
60263581
60304252
60288430
59477437
60267575
60328154
60202580
60052625
60313042
60245919
60319209
60286169
60337593
60309695
60319522
60297038
60298619
60326173
60314249
60290809
60234122
60297072
60337332
60292073
60313791
60313643
60295575
58065631
60309321
60295500
60255322
60200468
60309324
60333465
60332385
60285646
60295467
60288018
60300014
60325938
60276192
60286974
60301798
60327198
60251708
60292647
60171086
60279391
60263028
60292891
60258395
60079569
60037547
60303871
60224216
56763027
59126839
60300432
60319467
60337161
60325335
60309922
60297260
60298147
60253378
60310509
60314557
60278000
60321459
60304916
60291385
60231484
60312066
60285512
60259766
60253781
60324955
60262890
60319694
60282510
60297631
60331814
60289076
60267440
60299319
60324835
60305039
60251154
60324229
60316661
60296029
60311771
60307603
60289383
60306764
60316276
59579368
60311412
60292674
60267803
60245052
60160606
60039303
60310540
60301514
60297978
60295576
60298448
60289621
60239946
60303596
60288886
60331372
60264105
60286342
60285405
60298228
60322486
59589241
56546200
60287332
60281281
60160686
60216803
60315461
60306013
60309916
60282115
60300980
59958038
60287543
60046171
60312236
59192352
60246091
59971146
60314677
60159351
60015000
60321455
58980784
60274786
60241220
60289451
60334494
60170432
60312528
60271597
60300637
59500694
60259939
60336167
60316596
60216581
60301412
60335322
60251523
60245642
60219340
60333517
60336662
60308041
60337500
60225132
60320091
60263315
60301842
60294989
60299078
60292998
60295648
60316272
60333477
60289370
60275775
60237134
60305388
60240540
60260227
60297518
60294436
60235842
59472160
60335293
60300492
60290624
60194067
60297582
60321090
58583081
58939361
60053236
60308024
60275144
59963518
60228533
60293578
60285314
60304743
58850010
60325090
60289059
60282255
60286255
60333484
59099405
59646265
60199018
60240791
60321370
60335360
60054659
60292055
59709307
58448858
60086652
60304980
60288515
60308511
60289577
60315704
56594113
60317135
60326045
60181763
60018870
60177048
60332241
60235277
60313948
60286423
60163789
60290011
60333101
60285281
58576672
60017637
60172741
60260728
58831062
60286527
60245477
60149056
60228315
60274194
59905880
60314831
60328089
60285377
60290202
60300838
60011024
59500067
60267772
60323619
60307196
60074189
60291537
60322702
60317727
60243963
60295581
60028331
60257024
60201156
60334150
59951679
60321607
60336150
60171567
60301704
60250860
60263856
60332871
60292468
60195031
60246849
60300017
60247496
60308683
60302772
60314182
60303984
60297731
60324363
60295681
60169571
60200404
60305526
60263094
60216612
60325287
60290742
59766095
60290619
60062990
60302014
60140742
60265252
60040021
60228212
60236345
60282110
60257281
60115728
60317654
56644170
60319305
60310259
60188367
60264256
60332959
60306710
60306643
60289377
60189802
60199008
60265862
60317709
60274220
60327426
60296018
60132061
60289511
60277433
60334522
60237762
60271655
60288269
60313511
60229456
60311128
58831918
60248480
60302889
60287704
60327890
60300896
60289946
60312339
60289665
60292155
60325164
60306027
60250847
60120729
60237381
60241704
60296830
60288550
60292868
60264701
60252096
60320964
60322856
60242969
60285946
60293067
60306458
60302621
60292303
59127066
60258498
59334959
59635697
60244793
60299387
59432071
59706832
60258965
60237610
60286669
60279429
60287454
60305605
60304652
60336414
60165233
59790231
59094364
60285465
60288938
60332513
60285178
60277470
58800796
60297177
60289644
60311742
60280123
60313845
60142266
60224004
60303754
60290880
60279552
60293599
60279041
60237592
60331722
56593346
60296252
60334507
60306793
60289410
60319579
60306691
60306276
60292569
60055729
60323013
60311820
60302724
60296489
60310187
60313333
60278960
60282028
58053922
60285749
60302656
60334904
60315458
60291951
60069562
60245285
60258746
60292994
60328300
60285668
60286635
60300316
60321764
60312916
60333684
60336486
60304047
60323147
60320987
60296162
60253666
60329777
60326038
60314639
60291376
60334752
60283932
58687825
60289429
60297480
60290163
60328050
60110419
60277202
60115906
59988811
60293271
60256166
60316138
60287727
60257167
60297488
60288459
60335474
60320900
58803466
60288187
60147530
60292080
60320025
60322913
58816075
60331158
60312156
60311881
60140351
59785940
60248370
60308225
60286617
60304149
60315605
60286400
60309526
60259560
60315767
60291568
60324877
60298686
60229039
60300445
60178251
60296244
60289466
60319989
59815104
60302735
60304113
60332398
60263875
60200353
60298827
60286563
59941341
60235592
60195964
59683661
60293461
60159120
60175929
60243682
56603213
60333879
60273039
60266271
60316514
60241063
60319837
60323979
60305132
59010804
60297599
60294598
60298080
60314010
60288808
60256076
60217420
60103683
60301040
60245700
60267286
60292342
60309392
60288425
60291897
60242490
59598189
58776416
60032239
60304656
60298372
60284167
58587797
60205166
60272466
60303806
60298539
59695042
60288134
60276084
60226460
60317366
60317399
60224279
60217918
60251618
60336229
60331833
60312738
55803395
60206992
60317914
60217781
60300761
60266977
60264395
60285350
60306088
60264015
60256783
60240947
60309729
60274986
60292339
60325374
60287470
60297464
60298900
60315857
60290070
60291096
60287009
60337347
60333718
60252922
60317887
60335671
58351109
60327371
60337680
60309869
60288787
58836953
60275038
60293693
60287297
60288538
60282339
60298627
60308482
60326247
60228137
60286644
60287076
60241635
60335220
60315847
59414303
60301392
60321789
60279403
60255162
60256613
60286691
60236307
60287474
60310532
60173090
60287650
60242390
60278366
60318372
60292041
60329540
60328990
60300467
59684946
60312201
60329664
60316434
60300154
59548576
60299532
60123161
60337662
59032127
60293495
60317714
58304527
60269948
60287046
60260391
60193686
60238668
59428730
60335343
60286824
60300184
60284314
60334746
60215017
60323101
60250862
60308954
60250262
60291013
60319887
60045122
60317010
60328965
60334754
60297495
60306289
60330945
60305480
56571343
60289011
60299031
60322271
60286007
60259211
60313725
60240331
60284065
60308095
60150379
60309976
58538196
60319856
60310132
60229837
60299518
60299186
60335346
59714642
60307344
60336557
60311775
59108860
60213195
60310664
60331736
60321996
59493116
60292123
60270689
60264902
60302849
60313457
60212062
60289472
60296765
60224039
59049888
60183644
60306300
60295739
60283299
59940236
60202983
60309309
60332325
59789253
60260177
60303215
60278449
60300025
60305016
58907401
60286118
60228429
60251437
60246371
60337708
60294776
60293490
60294939
60320297
60276713
60283695
56600653
60292871
60301044
59604721
60301043
60256077
60298555
60314438
60310039
55813943
60304478
60290091
60286351
60316734
60216393
60300687
60263146
60186246
60289050
60280298
60334772
60165670
60309815
58490496
60293556
59576376
60333726
60306233
60320093
60298667
60288562
60296887
60298874
60223340
60268147
60312310
60290157
60325980
59694255
60318059
60284512
60313867
60292370
60286178
60292130
58729178
60270786
59139704
60337331
60236944
60098472
60336581
60305053
60076978
60178033
60290053
60307572
60330379
60312758
59937044
60300550
60331810
60283054
60328757
59415021
60313966
60226913
59576206
59326241
60287968
60321104
59831293
60140681
59842700
58653772
60334467
60334543
60222160
60223768
60285728
60047504
60280226
60123239
60305073
60308627
60286093
60301512
60292527
60195938
60301622
60296579
60314245
60334784
59353212
60202784
60169384
60294637
60288873
59248677
60237234
60306061
60333445
57227329
60291045
60290285
60336236
60293474
60306250
60197159
60185025
60235532
60287769
60278927
60308033
60334387
60294936
60273015
60289685
60336243
60311842
60297965
58953350
60294028
60259668
60177145
60305545
60296474
60285353
60334633
60301333
59372522
60217933
60332835
60326518
60328008
60324947
60294740
60321102
60288694
60228920
60312325
60169349
60304138
60319793
60316246
60330701
60317988
60305285
60297777
60312822
60288451
60272642
60318166
60310312
60160711
60277054
60335614
60305714
60307798
60301128
60304009
60293296
60329544
60289292
60274791
60300524
60233464
60321371
60308367
60228357
60293435
60337728
60316594
60289247
60320560
60311028
59826600
60298916
60181632
59856555
60289061
60250221
60304179
60251024
60290392
60291895
60299077
60297043
60289765
60276041
60312338
60310453
60312368
60269107
58244213
60294670
60336178
60310274
60322720
60312523
60232820
60301580
60291469
60128380
57289891
60261103
60291832
60277169
60297077
60297378
60317090
60310761
60203028
60301351
60282884
60331704
59947050
60296472
60287129
60334993
60283050
59806166
59491982
60321044
60225091
60310793
60231900
59635883
60045343
60284752
60316546
59868057
60298576
60309307
60275154
60287971
60267748
56597113
58517683
60276837
60289309
60300080
60052396
60308865
60276637
60314055
60289940
60295686
60295661
60313974
60275584
60309276
60300768
60329734
60310167
60235782
60247941
60255309
60288828
60322423
60305756
60289917
59678911
60258335
60088915
60189452
60295411
60293629
60330525
60305980
60255156
60286973
60306219
60233019
60202462
60310414
60293533
60271232
60282647
60335019
60308687
60240055
60291924
59682612
60325462
60180721
60282214
60320944
60334328
60297448
60312821
60328076
60336315
59454658
60329845
60333772
60065727
60335686
60292085
60294893
58573543
60287480
60225055
60295130
60237558
60325376
60290709
60317550
60277235
60282482
60306515
60276315
60335402
60287699
60087801
60291172
60253801
60329055
60300812
59944576
60034210
60311449
60263161
59349573
60232207
60314418
60312390
60317852
60223546
60247297
59342488
60337736
60295160
60319955
60289091
60254288
60324898
60336347
60313957
60174633
60312396
60302980
60243095
59377330
60255097
60286056
56805185
60300527
60247451
60294547
60256325
60134682
58975682
60292287
60217286
60291279
60251656
60286455
60245237
60190574
60330646
60174723
60334445
60336441
60262457
60288630
60336958
60315316
60335723
60181371
60337296
60318674
60237845
60336221
60153910
60239371
60259541
60256146
60319368
60001749
60157576
59674540
60263915
60278247
60293710
60323763
60280716
58252678
60295864
60301209
60335071
60286430
60299027
60323848
60306089
60313501
56806549
60286067
60314341
60335125
60241330
60295139
60305606
60234564
60265620
60305446
60228176
60209422
60295551
60297560
60287868
58779736
60318207
60293293
60172845
60289289
60247798
60321575
60290486
60293618
60209766
60302683
60306208
60301272
60238484
60230940
60259550
60263022
60292538
60300699
60305110
60285718
60271786
60275396
57968013
60330650
60256760
60337545
60309727
60337149
60279616
60170519
60268674
60292108
60313278
60295176
60262179
60312567
60334709
60284216
60282853
60228129
60293178
60191890
60245011
60240630
60231508
60308329
60282806
60308836
60236517
60298063
58194725
60289783
60196085
60290148
58589924
60293095
59090000
60293472
60285747
60290779
60307571
60255243
58040389
60326286
60247819
60007237
59146246
59382757
60285187
60283280
60205262
60303366
60300981
60259265
58896902
60295797
60319336
60285002
60293019
60303065
59590875
60326223
60287814
60334665
60301425
60315973
60291981
60009892
60306258
60233077
60290583
60307251
60257252
60159728
60296192
60236672
60286926
60278874
60319494
60314493
60217568
60150431
60217117
60267019
60294927
60198630
60290234
60176269
59601637
60269509
60023112
60265587
60320309
60334210
60333207
60172856
60197830
60245188
60316200
60274326
60290403
59095875
59997017
60178107
58827551
58778214
60295582
60290196
60187203
60046900
58941848
60309334
60302071
60264676
60261473
60201226
57989272
60322507
60224632
60295902
60287235
60334284
60300446
60301183
60301245
60227691
58808657
60286466
60331858
60262645
60248522
60289745
60292950
60287536
60337176
60058153
60300287
60291990
60319469
60231541
60318153
60314237
60314226
60317271
60310268
60307429
60296270
60303167
56550813
60300746
60186958
60313400
60327994
60173426
60300180
60300291
60265568
60308269
60306306
59607449
60312480
60327944
60003206
60289245
59640273
60288794
60298310
58657028
60337737
60327217
60306424
60290462
60287282
59654564
60322377
60295191
60305630
60316701
60254853
59407381
60310437
60242315
60314424
60297729
60288990
60180828
60308334
60296618
60330389
60206914
60214185
60335905
60292851
60324364
60335272
60324501
60179165
60237756
60334647
60295177
59507834
60196391
60321183
60286018
60290478
60073719
60313897
60216484
60329124
60284218
60311444
60321181
60293056
60286077
60289782
60330337
60308850
60210313
60331804
60199657
60286367
60245974
60280838
60289711
60289435
60199682
60307188
60285947
60305212
60302788
60307964
60316539
60337684
60270222
60286696
60332169
60323106
60260224
60329085
60087499
60287642
60336816
60290088
57428419
60264679
57963911
60259402
60264744
60284368
60310020
60307951
60145602
60291766
60254065
60334676
58645195
60292989
60267614
60334612
60221783
60247356
60237173
60294331
60305065
58050430
60314378
60318343
60324237
60295384
60309984
60287570
60271654
60266548
60226371
60277156
60291914
60287187
60237651
60210927
60198934
60314483
60326381
60308458
60287264
60288664
60304178
60320601
60327367
60297829
60289605
60129939
60062918
60236048
60288299
60232153
60336465
60324803
60286785
60289926
60307695
60308640
60318227
56550705
60311639
60273677
60189151
60296242
60295348
60288193
60335130
60174416
60296615
60270299
60246891
60300922
60291121
60313742
56629267
60328280
60213256
60245871
60293426
60270362
60289342
60316643
60290390
60281337
60213412
60282793
60030047
60287863
60327985
60329907
60335555
59063281
60303271
60248173
60279133
60282944
60264905
60132845
60258532
60316382
59162332
60283868
60190711
60140440
60191571
60336218
60321865
60318141
60254033
60306173
60332993
60324639
60235583
60324908
60329658
60297455
60287628
60255776
60317960
60271310
60285846
60330649
60289564
60307404
60306141
60250891
60308702
60268612
60290652
60362502
60442340
60354844
60381764
60369004
60406566
60391987
60417741
60421854
60379797
58691790
58850010
58989147
59057743
59380794
59372522
59192352
59334269
59579368
59346063
59414303
60001503
59576376
60203530
59576206
59477532
60015000
60080098
58351109
60353133
60473259
60494883
60034026
60502994
60192945
58053922
60358747
59635883
60474615
60056532
60405138
60365694
60365212
60422918
60458950
60456831
60422625
60414323
60410941
60386905
60495300
60514319
60176269
60197159
60173203
60494910
58157662
57872563
60070052
59961978
60280226
60122410
60399210
60419052
60419821
60409736
60376511
60405384
60445054
60439576
60506773
60484917
60443862
60447280
60509335
60373611
60440295
60460241
60492536
60420277
60474346
60485750
60461842
60444137
60485688
60407022
60401637
60452925
60433236
60435592
60449417
60431922
60505891
60371480
60452115
60455258
60374214
60419981
60418280
60463082
60360005
60445853
60493121
60395337
60493077
60430742
60406289
60433075
60502359
60442463
60433636
60442376
60469880
60415532
60436253
60489362
60465723
60488894
60431559
60461726
60479316
60435410
60467809
60400049
60380899
60417455
60418475
60462142
60451290
59589241
60021370
59842700
60200404
59856555
59590875
60271232
60487621
57650271
60300825
60243682
60224596
60358984
60472234
60433391
60474852
60146316
59635697
60215017
58194725
59049888
60147398
60211097
60200353
59940236
60039325
58645195
57963911
58778214
58448858
60046900
60353995
60515592
60473490
57989272
60229852
60473577
60287474
60132845
59941341
59947050
59531126
59606634
58261568
58065631
59607449
60086631
59831293
59958038
59795644
59548576
60473641
60491278
60331810
58587797
60001749
60251656
60347391
60402776
60507857
60196121
60357170
60427082
60458628
58657028
60488961
59659124
60355906
60497384
60252023
60425776
60358141
59783864
60498172
60505143
60160711
60348639
60434848
60087801
60491385
60352884
60486079
60433463
60159351
60495788
60496030
60456767
60486536
60471437
60467288
60286527
60480754
60479175
60449281
60496003
60495488
60363670
60506732
60395258
60434126
60486041
60474224
60376370
60460562
60484156
60431733
60448311
60478596
60510506
60419693
60448309
60458591
60496056
60486150
60474430
60460307
60507746
60490874
60502053
60519255
60517583
60490880
60486716
60520434
60495336
60502153
60509658
60359120
60474143
60506854
60512572
60345456
60479802
60471919
60468016
60448678
60474320
60519123
60490996
60473977
60498877
60483643
60485981
60493240
60361962
60505881
60491404
60360609
60438832
60481410
60502061
60510470
60480303
60474164
60466042
60477409
60484700
60503144
60486704
60497640
60475441
60518079
60474061
60493053
60492566
60481451
60482601
60475198
60501973
60352992
60410342
60520953
60480665
60488756
60466879
60501417
60381463
60377373
60480365
60404186
60496532
60477154
60473384
60486074
60521153
60474870
60521793
60496155
60443316
60505610
60500210
60478698
60442228
60478770
60478397
60520338
60460567
60474931
60484512
60487448
60479821
60478897
60482418
60483206
60433939
60518452
60521618
60458713
60452527
60504575
60373102
60520320
60484404
60411457
60474581
60488271
60432124
60406764
60485987
57968013
60504343
60505466
60355413
60486304
60485931
60492281
60515482
60422786
60490135
60477293
60501545
60510436
60464290
60493117
60487221
60512448
60516527
60493832
60485340
60469177
60477270
60510218
60491152
60515181
60497990
60509230
60481133
60514110
60492127
60388089
60506774
60508540
60419341
60497118
60491929
60517435
60476087
60498091
60501617
60515198
60443187
60356066
60493207
60499642
60341661
60507067
60471912
60506897
60499566
60495062
60488446
60478775
60507513
60501175
60497875
60522257
60464273
60436397
60497924
60508860
60414516
60482742
60509458
60500273
60516582
60489560
60490234
60499973
60489650
60501583
60497606
60503736
60484079
60497446
60492487
60496038
60480678
60516427
60490786
60421391
60516368
60495861
60496972
60502787
60447472
60509463
60497726
60508464
60481661
60511519
60466629
60489871
60484981
60512306
60385435
60468457
60518949
60499466
60507840
60515599
60493886
60495445
60508526
60493140
60458019
60497963
60481291
60500806
60510424
60512977
60423390
60514250
60448251
60474149
60516650
60505777
60508455
60517639
60492101
60478262
60435453
60480448
60483185
60496823
60505735
60498592
60380782
60477260
60479905
60507628
60516571
60504137
60505023
60514462
60431440
60492182
60513909
60494650
60490717
60507730
60517612
60481693
60501152
60521892
60518088
60501293
60475647
60507755
60493375
60457596
60475506
60497020
60516682
60475857
60504051
60506722
60516698
60466702
60475959
60474806
60455616
60493672
60482416
60499928
60489747
60495362
60410492
60473943
60503520
60511717
60467452
60483589
60485451
60484932
60489700
60505249
60494285
60509288
60490142
60519022
60429174
60513129
60474908
60512928
60522514
60502870
60517223
60516751
60486527
60507546
60478568
60490249
60487068
60510661
60491234
60493707
60418838
60513723
60477801
60492547
60486978
60512207
60477880
60457443
60507226
60474674
60505505
60483215
60486428
60494585
60478599
60475592
60510752
60487810
60467744
60511689
60490097
60522920
60494353
60478278
60504921
60510575
60493180
60484866
60510588
60491542
60473678
60493307
60478600
60493450
60503388
60488002
60516246
60411387
60496196
60513059
60499156
60488087
60497908
60496991
60486675
60430786
60504129
60488747
60496432
60478245
60512886
60480116
60519909
60487553
60522470
60474817
60517601
60489003
60502225
60388602
60480169
60476386
60401108
60486066
60416784
60494174
60510100
60497722
60512830
60482727
60417367
60513180
60506616
60503117
60436281
60447360
60420800
60505866
60513127
60481843
60482919
60499757
60506256
60493898
60490909
60474518
60476834
60486430
60481098
60476891
60489068
60422095
60512152
60510288
60420688
60474914
60513985
60507197
60481478
60497046
60509010
60517618
60511518
60520596
60484903
60473741
60511553
60485659
60427045
60511868
60495327
60478224
60477743
60473233
60516490
60509990
60494869
60503335
60494424
60459366
60512805
60468038
60490285
60507020
60519149
60500102
60470937
60495668
60511459
60474420
60499002
60494558
60491024
60495238
60505893
60480156
60506037
60498245
60484132
60429456
60522994
60489571
60476531
60501990
60491894
60500418
60519968
60431089
60485298
60501275
60490303
60514151
60475898
60480866
60443766
60466556
60507761
60479899
60475030
60503491
60519860
60485535
60492548
60480527
60441851
60474594
60474002
60495911
60472207
60494740
60512179
60493213
60497667
60522548
60475427
60517195
60494796
60434053
60431069
60522439
60507089
60474066
60521038
60483443
60481278
60513488
60510427
60483289
60474747
60505951
60434739
60478768
60495392
60474617
60477173
60475162
60522388
60477754
60488789
60490912
60483727
60455039
60503365
60497754
60480495
60473964
60515085
60490907
60499941
60504891
60482884
60482812
60484615
60480705
60523185
60474841
60499110
60512347
60502642
60477246
60476858
60479986
60480336
60506843
60495007
60482525
60478957
60474119
60427454
60511830
60504712
60477095
60475500
60493372
60446811
60493716
60505326
60513239
60476298
60475101
60505257
60474422
60477228
60501408
60491399
60511875
60505709
60499022
60480234
60499995
60522450
60496903
60511764
60492499
60477287
60477093
60493574
60512837
60500205
60485916
60480916
60504614
60473828
60487935
60491377
60473687
60477993
60511606
60505897
60477580
60508712
60468228
60474911
60477942
60482199
60507455
60496974
60499346
60481647
60471995
60485615
60501093
60502868
60493670
60495536
60481543
60487760
60508322
60507681
60486857
60521919
60482437
60491394
60486664
60506016
60500009
60515396
60489128
60474956
60518762
60522539
60474549
60460829
60487449
60507596
60473090
60516497
60483548
60491420
60485128
60488112
60476114
60495113
60498842
60477862
60497087
60492934
60505553
60499250
60483205
60483001
60513042
60475977
60482800
60493332
60482560
60492643
60488678
60480145
60478676
60473464
60503054
60497291
60493001
60504912
60475311
60515284
60477831
60475807
60495249
60515724
60502152
60501310
60441709
60506985
60490434
60493555
60500504
60465749
60458176
60473496
60476373
60495305
60491043
60481040
60495676
60509969
60485747
60420862
60490240
60488078
60480119
60477643
60487302
60488817
60481988
60482435
60498359
60475273
60483969
60490691
60510735
60495523
60495221
60474953
60515325
60477488
60500829
60442476
60518053
60474559
60493358
60507412
60490960
60488090
60511496
60506025
60515522
60474988
60519891
60519444
60490568
60489744
60507269
60480088
60519779
60493134
60516572
60500261
60443968
60485781
60512732
60475118
60478924
60476753
60497651
60485319
60474600
60477126
60488572
60424675
60492832
60475149
60479751
60491039
60521634
60493436
60515927
60501126
60482841
60485038
60495186
60493901
60514506
60487094
60496807
60486525
60462834
60495376
60510265
60475461
60486211
60481813
60503303
60481215
60477944
60491072
60497030
60481018
60488715
60521846
60482390
60492433
60492174
60497944
60474930
60474643
60486777
60492337
60474897
60480328
60475705
60474438
60491798
60474894
60452586
60485679
60521555
60521769
60419612
60494575
60483797
60510603
60497666
60482292
60501920
60481350
60487158
60519749
60512698
60474009
60523115
60511772
60486200
60418527
60484235
60505597
60513344
60501060
60495408
60469773
60510142
60478100
60469780
60521003
60473573
60474691
60516185
60478187
60474866
60490191
60519690
60499636
60484841
60490401
60503393
60490764
60498568
60518960
60521607
60509060
60520013
60496175
60497199
60496932
60481055
60480731
60518331
60478287
60490802
60475928
60508516
60493327
60506082
60468296
60492709
60509955
60503400
60481874
60475515
60473812
60480872
60483501
60502255
60486599
60486650
60489949
60501220
60477675
60507441
60479880
60493326
60495487
60496961
60513256
60477311
60485895
60495138
60480043
60495438
60493618
60505308
60502940
60494659
60474282
60522540
60495631
60497914
60519290
60507552
60476886
60506032
60474659
60495012
60493347
60522783
60492428
60502690
60481229
60510377
60488737
60468043
60499901
60477988
60505073
60484621
60514494
60514494
60503114
60486529
60491443
60499582
60492282
60491700
60507843
60474880
60514490
60484177
60499147
60495472
60475354
60491271
60510734
60505443
60495452
60487575
60481016
60490237
60446444
60497567
60499867
60473911
60507622
60502955
60486615
60513299
60481348
60481270
60515552
60507487
60522294
60480279
60521629
60457190
60510187
60518233
60497170
60507192
60501422
60488183
60492718
60477964
60488636
60483488
60509618
60510939
60483076
60514241
60522332
60476408
60520490
60490304
60503017
60419571
60474804
60495610
60498099
60503268
60508055
60477897
60501444
60493581
60490066
60487057
60478788
60487970
60474645
60501582
60474994
60475107
60493345
60497270
60489763
60475400
60481525
60505802
60474742
60510264
60479280
60476303
60475229
60512472
60507711
60483626
60490690
60479908
60492399
60513250
60496037
60509132
60482793
60499220
60476411
60492522
60503919
60495241
60482974
60481235
60473948
60512062
60497341
60517593
60499560
60505244
60514246
60510801
60510149
60514134
60513824
60496996
60505195
60522940
60500026
60495485
60501219
60491438
60509036
60514308
60484573
60506864
60506765
60520324
60495577
60492726
60508645
60499597
60483599
60502804
60514583
60523216
60509195
60508999
60496309
60510023
60507460
60507353
60492133
60508593
60489092
60512197
60506653
60510579
60521813
60508403
60508647
60522873
60503379
60509272
60522122
60515173
60515501
60510167
60514598
60513357
60510476
60512872
60518913
60510768
60508328
60507164
60515716
60519259
60523097
60523069
60507060
60509148
60487730
60508809
60508851
60517267
60495082
60521196
60523005
60507764
60513249
60487997
60346325
60472867
59766095
60407960
60141462
60128380
60141600
60475237
60431595
60504615
60491412
60508664
60490432
60523165
60483134
60485434
60383315
60245285
60482567
60474877
60343183
60473988
60488879
60231900
60514237
60245700
60497006
60475810
60501233
60481698
60484628
60508784
60493000
60474277
60498323
60486179
60390468
60476504
60518538
60483192
60494438
60490106
60492226
60505676
60480050
60478445
60482265
60477453
60516673
60480882
60478548
60488031
60494775
60504729
60492480
60467317
60483336
60503842
60502950
60485296
60287968
60511886
60481279
60443833
60499477
60414717
60481152
60521799
60475967
60454973
60479775
60482602
60475161
60489582
60475448
60482342
60473707
60494674
60477363
60515380
60483912
60510687
60473966
60516666
60475163
60474971
60512175
60484733
60479598
60511655
60477742
60473380
60478434
60493745
60489737
60483049
60481163
60479992
60483989
60495904
60446337
60520529
60474786
60503628
60482645
60478387
60493919
60493312
60492045
60501204
60491289
60506951
60477905
60518410
60506788
60516206
60506067
60419748
60490104
60414883
60493728
60489925
60483416
60489884
60495636
60519237
60504874
60505340
59449550
60510861
59032127
60522223
60515555
60453375
60493418
60474680
60514576
60489951
60485572
60468083
60457756
60490631
60477981
60478437
60489123
60503907
60501291
60492899
60484535
60467847
60519102
60467079
60481246
60502070
60523083
60224144
60383347
60505294
60485069
60511742
60510378
60493310
60484926
60475364
60481534
60490033
60175395
60499407
60505199
60498348
60432524
60474813
60310167
60467620
60153213
60047373
60386866
60495460
60442238
60377492
60231484
60415765
60174723
60513055
60434626
60385568
60149056
60178092
60259308
60457992
60303167
60478631
60496534
60258532
60467469
60228315
60407490
60223340
60442714
60284368
60357111
60445945
60496900
60339990
60399085
60383939
60435884
60397547
60452165
60521625
60231997
60222160
60393881
60462778
60403952
60506874
60491054
60423926
60329658
60484812
60512832
60419909
60498027
60459704
60441070
60268905
60477211
60472387
60247297
60287235
60402649
60157576
60313988
60387909
60421253
60483005
60085732
60266358
60296765
60346671
60448648
60495701
60480132
60283924
60469030
60412974
60238484
60485412
60107888
60505230
60245188
60477583
60445395
60358895
60445706
60444045
60414199
60479265
60386793
60377046
60400765
60194067
60450660
60406926
60421756
60028396
60385585
60454793
60324908
60279418
60511628
60421738
60090658
60354273
60381308
60359242
60454307
60502098
60153910
60344542
60378713
59980373
60347769
60491269
60288938
60475920
60446035
60383902
60355960
60251897
60477306
60424034
60497201
60427448
60456295
60504882
60426836
60123239
60515758
60353534
60461031
60372819
60486352
60493029
60391356
60418640
60030047
60206992
60177145
60483612
60302372
60348508
60257281
60477120
60489909
60449964
60369149
60416017
60472783
60466097
60352521
60352521
60489370
60217420
60412990
60245974
60430258
60494920
60511482
60392153
60388792
60292342
60450487
60220785
60333101
60414381
60170432
60434592
60492675
60296270
60263915
60170432
60434592
60492675
60296270
60263915
60230821
60262179
60425500
60326286
60474527
60427905
60413780
60406272
60366896
60357043
60392366
60452276
60397431
60375326
60439883
60357346
60463998
60430848
60489252
60397778
60449803
60254853
60508890
60347811
60225108
60300880
60380605
60291013
60454779
60298111
60404808
60298627
60431533
60447984
60434040
60316514
60312476
60435802
60305073
60437390
60449554
60415771
60506069
60394312
60435269
60439765
60382035
60442497
60442983
60345166
60300922
60497767
60417662
60484006
60497103
60347672
60305184
60476015
60478754
60376305
60349426
60510441
60383282
60407406
60500891
60503257
60410523
60521167
60472024
60510855
60473827
60410788
60418627
60475569
60467638
60493415
60467144
60510697
60469333
60421487
60518269
60488430
60479989
60403934
60499326
60419735
60455164
60259211
60477355
60424121
60473885
60521220
60433324
60462516
60464372
60379820
60340496
60287013
60226573
60411591
60522167
60454888
60486566
60487457
60443180
60447923
60347113
60393962
60448828
60434091
60271470
60424239
60353347
60424357
60481986
60496781
60477039
60491402
60495564
60428861
60450421
60415847
60394055
60357001
60504769
60307404
60380842
60468102
60486514
60438338
60411084
60431245
60453594
60459221
60499152
60388235
60469014
60497533
60387233
60468200
60341579
60458889
60491417
60405732
60469053
60501301
60411849
60366986
60492911
60304916
60434132
60488836
60408696
60439373
60412957
60397991
60483465
60425836
60502056
60500871
60478590
60289342
60497900
60391507
60465496
60491352
60400545
60499975
60515434
60474183
60474531
60402029
60480682
60506350
60481689
60306055
60441194
60500172
60263038
60425580
60442547
60448156
60451557
60490735
60367455
60499914
60419723
60405272
60362294
60451409
60393975
60474678
60462706
60482244
60497978
60488568
60446426
60431399
60375471
60443237
60405212
60417106
60496183
60505616
60372986
60427824
60386108
60449713
60477607
60430373
60475927
60479925
60393915
60460451
60454158
60462402
60396222
60485783
60440387
60370793
60459519
60395280
60521649
60345917
60511027
60408035
60457964
60404351
60373708
60378610
60438118
60383923
60363374
60443453
60381864
60417869
60475111
60483226
60411180
60475911
60422019
60440002
60404710
60408457
60363862
60499550
60499777
60483300
60493953
60477843
60519788
60487204
60407972
60492342
60413673
60502706
60460435
60461196
60421851
60503051
60371209
60415931
60461309
60460074
60506966
60403409
60496451
60401741
60430331
60407742
60463334
60504126
60423523
60364910
60520518
60419536
60477515
60361994
60451086
60396421
60513726
60513394
60457175
60501821
60474520
60478401
60450479
60453227
60495507
60512546
60413679
60519241
60451346
60437341
60451109
60366901
60372314
60386652
60423481
60444117
60444478
60410254
60480472
60425420
60506268
60448115
60459411
60435081
60436081
60474449
60407319
60414817
60405650
60505803
60390619
60504978
60435378
60401903
60494847
60513134
60470961
60505185
60508505
60454794
60483124
60519715
60501751
60409048
60454147
60465323
60518932
60406114
60458211
60485624
60385967
60396721
60436711
60431310
60426435
60475086
60451762
60459885
60426630
60382791
60454006
60497243
60380361
60486318
60502052
60431255
60397171
60392021
60440473
60425291
60470742
60435711
60482940
60417315
60441658
60507531
60399624
60425015
60509020
60458847
60486151
60417049
60405810
60427622
60506901
60488716
60434570
60405787
60401190
60397608
60514543
60456975
60493588
60497553
60460076
60487131
60468105
60506288
60508742
60467849
60439888
60444605
60435317
60491102
60474620
60494037
60503751
60456639
60440375
60488246
60387712
60515240
60427069
60493290
60425583
60483921
60480860
60408672
60493671
60386079
60460716
60508821
60493370
60511442
60447105
60461122
60419520
60494567
60489069
60504705
60515506
60414750
60504088
60422709
60456398
60403962
60467463
60497539
60454037
60451453
60445179
60436473
60438060
60504409
60382363
60403319
60480380
60437615
60493410
60425208
60463048
60419163
60406199
60447153
60432459
60408494
60393212
60510401
60514103
60437399
60513666
60437399
60513666
60390596
60387801
60461754
60446212
60442671
60434772
60448516
60395438
60421813
60435172
60391314
60458338
60473951
60411325
60483254
60391357
60414813
60501532
60397520
60414662
60410380
60425551
60482909
60391995
60426901
60395488
60435218
60461534
60452715
60497945
60429359
60450163
60514728
60428851
60381858
60488785
60510095
60442150
60386020
60389156
60418503
60493433
60429988
60440062
60421446
60446501
60454107
60444224
60492355
60443255
60506620
60451208
60466893
60475425
60491442
60451285
60427632
60391500
60411884
60422742
60468473
60429493
60479432
60472569
60415482
60503021
60438566
60454630
60415164
60502075
60449316
60415392
60480579
60484157
60405731
60489025
60443260
60438869
60434913
60386076
60514402
60425145
60422397
60418443
60495205
60469486
60516832
60437243
60410897
60405568
60473800
60425899
60471856
60424971
60467720
60420083
60476355
60504077
60438500
60421802
60405188
60421072
60390697
60496921
60383521
60435297
60385128
60408184
60387394
60448150
60419451
60436273
60446595
60385668
60516661
60438514
60380887
60484064
60499410
60454799
60390484
60504856
60402977
60403888
60419753
60487779
60490436
60476877
60420222
60389758
60396897
60475017
60418003
60415732
60385334
60447719
60455103
60401891
60421722
60439654
60485280
60481502
60455760
60474436
60399275
60391704
60462315
60403316
60462315
60403316
60457697
60455170
60405748
60428925
60489078
60493837
60416857
60439010
60428345
60472791
60413931
60423558
60420436
60437904
60473764
60462907
60381573
60443416
60439175
60406677
60409739
60413128
60495723
60434708
60426265
60433395
60478566
60517613
60516772
60420841
60490921
60497019
60447213
60487599
60511942
60411148
60411643
60422632
60519882
60405168
60441683
60470405
60454162
60392144
60488610
60422697
60467038
60477061
60433602
60493491
60396802
60412195
60465291
60439016
60467254
60422569
60463231
60471687
60481241
60520546
60389891
60510954
60495492
60483361
60421939
60502973
60485170
60440162
60468931
60466997
60399589
60499816
60493743
60464731
60496477
60399300
60410621
60437507
60410651
60484921
60503013
60510460
60389317
60459181
60486565
60426069
60440415
60446406
60458569
60440109
60481068
60490653
60430933
60499939
60482731
60444517
60477294
60467639
60408387
60422053
60441167
60409969
60505787
60401388
60405343
60490703
60509214
60399023
60395036
60403503
60467866
60505028
60394774
60477425
60415618
60482834
60386424
60510760
60510760
60423930
60504903
60520291
60471235
60403879
60467610
60413908
60429901
60480997
60494969
60399332
60493047
60514172
60413482
60510893
60413387
60448003
60477766
60435752
60503803
60439037
60439301
60450464
60442556
60494449
60516716
60418572
60384831
60403824
60474858
60490312
60426472
60475813
60483034
60437590
60479385
60480197
60448536
60385438
60391173
60493621
60451504
60480702
60492707
60459186
60508807
60438348
60436419
60497099
60423039
60430568
60486517
60471262
60425800
60486034
60470850
60407334
60498565
60483709
60459170
60446273
60488967
60439846
60402507
60481024
60446540
60395609
60423946
60413372
60443132
60416923
60509408
60432021
60397515
60417270
60432099
60417424
60482651
60425998
60407231
60505684
60518892
60424882
60511622
60438694
60461775
60446646
60440440
60446824
60493196
60419355
60471310
60398029
60409847
60441650
60441935
60486687
60465037
60422151
60483427
60420139
60411471
60448496
60450628
60459511
60435393
60444773
60498034
60498149
60455754
60435660
60421088
60407180
60399053
60406724
60513335
60441704
60434549
60438847
60438847
60438282
60501453
60417096
60443004
60393384
60505367
60511672
60485270
60416672
60464202
60439544
60485450
60495865
60476024
60442685
60444311
60460407
60512193
60478431
60488614
60456574
60466047
60489870
60451509
60476801
60406411
60463932
60484646
60474878
60484943
60472217
60474260
60455898
60431975
60406522
60433540
60419688
60413195
60469288
60477122
60442359
60483295
60446539
60459005
60469188
60410215
60435428
60421321
60414561
60476745
60430690
60458837
60515510
60475233
60483383
60460853
60421467
60451620
60446983
60495647
60505570
60486682
60487554
60392314
60471142
60513208
60490842
60510616
60512743
60449886
60508380
60490345
60402841
60438519
60505259
60457455
60458015
60509045
60444596
60459386
60521643
60458783
60499317
60417724
60519016
60485617
60485421
60514198
60484894
60510720
60514659
60421845
60418676
60421878
60422020
60494671
60434249
60446667
60494680
60436260
60414122
60444578
60485358
60507618
60432034
60435016
60464317
60465935
60458980
60506936
60400419
60492896
60520620
60395550
60453033
60518372
60517602
60515636
60465573
60489288
60453947
60476308
60507675
60476912
60421954
60405701
60476607
60461424
60455619
60489950
60452822
60405889
60442777
60499559
60410745
60475052
60455094
60507080
60439166
60478856
60464196
60505065
60473822
60507018
60514656
60393632
60431063
60487458
60504500
60446341
60453830
60447308
60443559
60477574
60476738
60512170
60500282
60508948
60446662
60485359
60515443
60441854
60475187
60453315
60408748
60425877
60431857
60408831
60486054
60505201
60410836
60493498
60468669
60462604
60484125
60485035
60494729
60470101
60487422
60488218
60495709
60505471
60522175
60473613
60497249
60477267
60475626
60447775
60506882
60421948
60468440
60515480
60506750
60451078
60511508
60488902
60510669
60439631
60432452
60485658
60475986
60495606
60518199
60430345
60459910
60485111
60494106
60416607
60509033
60446370
60416277
60507578
60438856
60430876
60518455
60402980
60457650
60471801
60517077
60507022
60486114
60445683
60484420
60460340
60404989
60436934
60450746
60493677
60463755
60508336
60467574
60508509
60451678
60448847
60450603
60456865
60504764
60432180
60449143
60517140
60419434
60478970
60507200
60435145
60453354
60478276
60445078
60472400
60450104
60489766
60509275
60417922
60469753
60441716
60496156
60419071
60463800
60483412
60436643
60493476
60504801
60458860
60458354
60515118
60450816
60441024
60509443
60509390
60447488
60458737
60435327
60465486
60464065
60460904
60472726
60494619
60442057
60493187
60453939
60434276
60448083
60501653
60446244
60499990
60509982
60430787
60428662
60439872
60514467
60511774
60413282
60503621
60461743
60508463
60434143
60505895
60440039
60446181
60458828
60413222
60486726
60501248
60491188
60456437
60462054
60469563
60490980
60511599
60474480
60492439
60415423
60510061
60509497
60417993
60446716
60486643
60483752
60474630
60462661
60459167
60441813
60488427
60516743
60438434
60515769
60420856
60399313
60471380
60454101
60468624
60474634
60496045
60485576
60519152
60463345
60521661
60464912
60447399
60497022
60421482
60486480
60510981
60517250
60473228
60518492
60467430
60461924
60520665
60487341
60451605
60443421
60504021
60492964
60489080
60517513
60513919
60461469
60495605
60480969
60516767
60515158
60443311
60520492
60501639
60442559
60461910
60434184
60519980
60511494
60449635
60488480
60452630
60429976
60503477
60440851
60508808
60506075
60518472
60433645
60449995
60491260
60509730
60477489
60485550
60512764
60513289
60518139
60521781
60455128
60518444
60520943
60392978
60069562
60492890
60373020
60395852
60482267
60482421
60345593
60438188
60486670
60477854
60422240
60477322
60394867
60346757
60469684
60347350
60493796
60493766
60492838
60306061
60442265
60361810
60482327
60509003
60442131
60433207
60434481
60409285
60418675
60488625
60486658
60394799
60393318
60501596
60413515
60498190
60436500
60490239
60438963
60454155
60509201
60403518
60401952
60425003
60488630
60419429
60412767
60446475
60514997
60430870
60435062
60437927
60412846
60385473
60446577
60446322
60438183
60393536
60457602
60446582
60478488
60473286
60409564
60470914
60398505
60445954
60442749
60412578
60472504
60435617
60459451
60466634
60475826
60477229
60486875
60463947
60457879
60521877
60473318
60393215
60441553
60492169
60420038
60399461
60390665
60463540
60383915
