64248685
61338938
64129913
62744799
59312708
62951256
64146177
59671475
63150463
63359919
63874182
64187684
62861526
64165712
62749732
60467620
59714642
61921220
62943998
59192352
63050560
64173839
56918275
63141642
64249202
64116446
64142098
64219961
61601078
1000204327
61501995
62893362
63121285
62736744
63364829
62069903
62749137
64205098
63479147
60548116
64211492
63366383
64119733
61526196
60986891
63771433
62899941
61521850
62532095
61330244
64209344
59704601
63120214
62423866
63284838
62715868
64045370
63788038
64213783
63543243
64214344
62742689
63465466
62899411
63981715
62749829
64247864
63346513
63184678
63941589
64247463
58651469
61349785
64248082
58827551
1000208292
64075758
62882971
64193553
62928222
62955732
63560271
59638440
61931173
59063281
64176844
62754217
63304342
64214760
64221133
63160106
64085806
63735812
64216560
63195718
62947924
63556032
64214694
62960583
62916660
58548840
62146806
62745207
62844873
58517683
61537363
63555806
64177465
64246246
63100370
62944326
63294268
64249350
63744070
63052577
59127066
63550750
64040727
64142385
64134713
63271218
64248455
64246633
57872563
62954163
63561423
63120487
64214880
57448628
63380552
63340113
64051643
59006452
63302776
63180509
62954475
64174493
56644170
63651742
63767410
63143844
64180122
64211668
63779644
64189598
62884915
63378594
63585767
59334959
63489353
58779736
64228525
64235975
64208981
63379988
62316869
64164647
61450191
62286139
62761717
63096923
59683661
62319558
64204878
63095580
56785264
62487682
64212069
64202716
60160711
63137010
64160401
63031284
63435239
64132646
60508890
64185462
63385822
63072027
62293114
63527892
61689415
64199010
60656962
63308709
61129287
64247466
63574952
64209554
59146246
64217584
63569990
63293996
64247695
62947115
62937798
59094364
63139697
59500067
62543726
63542151
63609434
64232533
63574943
60442228
63554989
62497392
64238377
58835435
63498230
63656904
64171195
63290993
59353212
62942619
57650271
64223934
64132591
62308115
63917437
63101197
62872886
61298503
63353699
58836840
63265377
63295495
64167581
61740286
63609310
62920043
58803466
64129247
62729975
61513899
63583900
63154480
64216778
56603213
63134778
62917538
60310167
64088703
63364296
61427193
64246858
64180821
63584293
63533388
63510678
62900236
64047055
63306955
61524834
62890639
62903228
56550705
63405546
64152288
63766155
64184225
62107800
64222478
60557794
64245957
63461599
55813943
64140852
63365040
64245047
63634832
63946232
63153294
64165038
63475925
64221967
58715473
59512663
64002012
62486624
64086292
63154744
63158261
62552349
64154989
63697458
61854573
63040538
63479897
64220448
64248792
60488625
64042394
61332550
55859484
62862484
63555934
64173603
63357833
61552018
61340639
64025054
64031383
64202408
64209738
62960088
64248278
61560742
63509231
59053395
64028341
61945919
63525259
64047325
63963948
63159656
64193992
62194937
63053024
64208952
63882400
59879525
63133775
64177222
62527241
63912497
62947475
64184493
61318351
63543590
62745397
61937501
61259037
64247854
58886089
62812416
63245810
64116204
62732228
63368881
59291526
64206171
61512066
61127389
63723713
60504343
59958038
64108146
63095035
63182765
64248407
63266144
60297488
62860372
64060977
62923151
62118585
63335637
1000186432
63391028
64248130
59012074
64215744
61534296
59094700
64145386
59493116
63196137
62949464
58583081
59678911
62524128
64125886
64222555
63147072
63334598
61516422
60328367
58831918
64164101
61283937
63109048
61559138
64181794
61321785
64248354
63762992
61526813
63535006
62872270
62916981
63549429
64163522
60568075
63360115
62802199
59940236
62921818
64249288
63563015
56784104
63577703
64097400
64221217
63516881
62953603
64248304
64197014
59460509
63132667
62087342
62872723
61496380
64248575
61352375
63328815
60877480
63343282
64222076
1000207033
56594113
62550750
61526819
62916102
64171332
63164032
63446292
63567436
63986223
64222210
62664183
60690142
61106258
63794000
64230277
63192809
64233671
63551337
64061966
59004969
62080279
61939844
59603024
64202807
63249351
63675834
62744836
60870717
62890718
64211036
64248457
63653213
64022665
57968013
62942321
63364077
61864305
64197856
63588225
63442967
62934436
62770836
64249286
62983030
63068745
63390617
64176562
59334269
64180281
59706832
62465426
63294200
63272144
64248489
63268952
62886933
59709307
64209201
64112474
62511854
62727755
62968809
56603414
61164569
62694907
64094410
61503903
63309581
63544902
64239581
61928172
62863468
62862362
61922042
63060656
63700327
64221106
63577044
64167448
64208240
64149749
63373692
64072846
61532917
63110278
64162250
62909580
63364082
64208337
63368614
62908628
62106465
63367993
64205524
58831062
60284965
64114513
63574397
63101889
63554053
63385084
60493310
63186531
56979791
62938740
64232152
63390238
63957087
62232165
62827789
64248785
63099065
58816075
63047717
62938462
64247399
63199126
59372522
64139241
62869885
56547797
64161513
60477843
64246691
62443571
58941848
64227919
60681742
1000211653
64128079
58413335
64211716
59428730
64057298
61687848
61295056
64199103
63071923
63148220
62453273
61351116
63137316
63518705
63357786
64221501
63536306
62531043
61349551
63482965
62771547
63069746
64212381
63079235
64167227
61534452
64136386
64205290
63884870
64205892
63343170
62744831
62964283
63456022
62911378
60506897
64248653
63462038
64208261
61522001
63321535
64100820
63168847
64076310
61492679
59709925
63579001
64140846
63376167
62744290
64010920
1000206992
62166377
63188572
64186685
62301078
63354734
61734665
63542345
64170955
63587490
59090000
63447476
61316442
63275976
1000200521
64215300
62770760
64128790
59548576
64134765
60278927
64214196
62740135
63185287
63370448
63791344
64202547
62511009
64159676
64114382
63372273
63326820
62971296
64207069
61352300
64218160
63191999
63977336
62959776
64245671
63200240
63578841
63115440
63263371
63045710
64134169
62242009
59646265
64205447
64217356
62516559
62303413
63172451
56597113
62937846
62955067
63402320
62735497
62746918
63574665
60707894
62950249
60032899
62284341
63319350
61538872
63508135
1000211644
60224144
61972674
62540300
64248556
64212399
55803395
63099191
64200484
63086567
64247415
63273813
63169862
64248475
64225893
64209750
62820300
62904504
63551855
64246665
59407381
63573268
64182031
60516650
64247907
62519579
64072170
63393174
63559634
61773063
63097846
64220542
63438599
63488495
63148483
63300923
63693349
64205894
64222291
64207128
64229002
63314009
63130341
64092564
63579106
63777809
63380012
62166553
58934551
64223554
61492081
64110774
63697463
61946730
64245988
64247490
56550813
63261247
58836953
61322423
62964093
61351562
64209354
61548895
64239286
58835321
63391252
62826299
63010498
63332242
63128021
62209548
62189818
57196670
64148477
64243489
62793358
64199793
62966432
63148309
62102261
63348375
62940124
64219572
61752900
64156718
61332224
59456444
62929824
62110149
63974502
59912671
62963437
62507708
63268903
63077709
63336805
56569397
64219554
62905242
59659124
64129851
62509472
62735997
61532548
63405288
63073724
59790231
62940667
61335368
63378233
63154703
63348256
61771979
57963911
59032127
64135901
63173654
62928662
59477437
62739235
64172460
60313974
63096598
63171974
59027938
62913874
63101251
62513541
63556866
63140641
58806220
64199479
63483903
58808657
64212126
62697888
58939361
63183352
62338557
63410340
61538605
63200245
64200378
64190241
56629267
62861452
64064167
63294492
63180859
62724204
63580271
62826349
64209655
58790817
64207309
61926227
61513855
63507639
61910373
62206427
63536606
63807358
64155368
63414800
63041762
64219332
58729178
64247471
60297829
61833875
64221310
63367964
63511765
64248867
64210090
63434072
64248240
57227329
64163094
63898307
64139855
1000204674
62895475
63418415
59576206
64163553
62752039
64246280
63687369
64247617
62976208
64119914
63286062
56763027
62738074
58800796
61294774
63998691
63478448
64179805
63499167
62949336
59500694
64199504
59509220
63365245
64244489
63374768
63333486
63577837
60878116
64213786
60659949
58645195
63504625
63012324
63337183
62298599
61848779
59477532
63094481
63498319
62968600
64171703
64206265
63321226
64245441
62736690
63328988
63317786
63076782
64180907
64207317
62911403
62544203
63048088
64212163
59248677
63444332
63161875
61746175
64191119
61017628
62962182
62894182
64144252
62878081
63481709
61527239
64217016
62897925
64246027
62919850
64248702
64162015
64221263
62954129
60366403
63234208
62554341
60477409
59576376
58907401
63168330
62554109
63772911
59139704
64226365
63411394
59783864
63174984
61424686
62959664
62274260
63525902
63356843
62292150
61325100
1000201875
63344685
64247841
63328986
59095875
64205231
63900991
62928809
64222575
63925371
62900277
62302706
63339857
63304092
58573543
61852881
64162050
61744230
60871988
61845829
63056742
59449550
64142518
62936132
58589924
64217099
63362899
62765712
63348439
64247489
64223375
63241669
62310092
61563085
63050310
63162867
63077203
64152757
62781472
63555755
63582232
63782041
62557167
63145615
56607956
64224462
62546981
64221393
62819219
64164411
63192177
63300060
62735204
63267116
63570554
62684501
62954875
63347922
64247199
62324645
62208382
58691790
57403023
63556751
64248420
61909900
62876079
62891605
62905480
63102046
61543202
64203280
64160303
59010804
62956495
64247524
62976385
63411185
64126604
63505291
63281677
61299443
64023152
64180284
64153345
58848425
64248467
60408831
64137435
64167120
60681569
62750086
62040848
62769067
62484012
63981551
64245678
63631096
61922456
60317709
64182427
63371715
62923300
62252856
64221289
62529852
62743707
60056532
62528951
62765246
62755577
64222273
61046159
64249096
63346758
60605487
63329905
62121368
59654564
62030640
64245453
64247095
60508784
64247318
63194051
61324188
61884134
62324953
63146779
62359190
63488380
63179952
63089792
61540558
64190839
63747061
61546843
60668167
64247760
62782531
63509606
63336434
62796141
63653600
63132602
63271778
59694255
61073098
63310786
56593346
63256730
63521732
61515055
62121922
63986300
62643312
63405421
56020124
63352782
64205356
64235774
63985972
63361478
62953591
63991316
59684946
61490204
64160054
63471212
64039290
63367200
64203826
57957529
61888337
61321632
60631662
61324304
59975687
57989272
59414303
62852044
62910177
63198474
63962910
64221299
64174786
62311459
63643788
61352654
64206187
60313400
61519868
63759840
64151800
62877163
63329834
63324107
64071566
59531126
60385585
62845042
62508186
64193918
60745770
63348296
58587797
64195013
64182434
61918370
64139960
64205769
64044539
63412405
64194735
63368530
58653772
64184598
62121393
63174767
63474612
63308171
57598019
62891974
62762983
61773200
63553559
63092036
64247951
63547959
64084533
64187581
63483847
64123396
62387498
63120439
63220502
59491982
60122410
64072053
64245943
63434377
63417304
60825426
63387790
61740068
64248991
63181753
63228182
61924992
64200214
63996007
62872756
62914200
60015000
62746599
62114943
63872338
63774389
64185851
64249337
63336052
63174518
64199515
64195580
61970631
62928142
62516715
62868934
64189972
64200708
64199807
58841965
63074397
63564904
64245547
63340122
64248542
64248524
61772972
64175494
61526721
63532917
61541926
59795644
63349683
62538359
63194729
59454658
61905892
61555191
63061472
62995870
62547345
64220394
63340794
60523165
64235619
63969396
63571704
63116392
64157052
63754957
63293359
63558887
61357013
64114902
63043946
63039517
63011141
64024443
62961639
62373114
63539563
62927996
64209713
63279107
64096246
63977922
61742089
61745769
63505469
63166011
63034804
64163300
62397568
64195732
64091643
58252678
62973364
63188804
63223696
63590804
64202851
58850010
64248917
64246900
64248640
59010202
64154051
64211222
63164748
62959395
63727755
63483834
64188814
63340710
63570467
64215402
62935131
63554628
62938169
64153756
64174012
62526745
59806166
62893523
62080180
58244213
58576672
60510265
62942175
58766014
64177371
62980944
59377330
61924888
64246373
62555803
64240321
58657028
63553313
64135587
58538196
61223822
64245537
63460581
62216870
64114367
64247943
64177467
64199552
63265246
58836406
61917896
63345347
64221971
63552970
64207879
61468774
64167131
60337092
63357953
64248744
63155819
64193591
63324237
64179156
62978600
64168558
63157862
64217857
64225598
64248679
60736708
62957628
63539800
62876586
64151932
60680002
58919765
57941322
63889457
62724324
64208853
63093883
64222092
64202813
58687825
61027404
62935730
63676238
64219581
62932365
59099405
64203474
64244502
62914619
64222919
61328176
64248121
62929380
62305731
63558112
64150729
64196135
61765314
64205569
62986509
64248528
60903981
63147111
61537465
62315421
63301852
59415021
61345647
63960091
61060764
63561518
62449966
61690555
63584651
60260728
63001243
64172060
62953459
62089676
62890958
58980784
61720015
64203935
60700399
64175805
63164404
63339386
63755562
64169844
61602913
62487313
62531626
64151515
62523719
64205819
62938172
62769640
61513553
63182274
57289891
62233355
63699463
64128428
64221315
59706932
61551482
63090049
64208089
61337702
63529784
64221614
64199070
62870156
64131135
63965655
59000836
64249298
62534807
62748484
63563323
64184462
64248664
64168232
63312426
64169310
63081258
59434050
64211040
64208928
64158388
63335369
59678856
64102982
64248275
62525410
58727257
63345897
62311483
64245587
64197533
62147865
62845111
64200824
63199352
59470643
62748078
64130064
63275865
63959530
63216405
63934419
62270542
62972160
63055778
61657350
59008544
62543776
63407133
62870409
59900236
62748923
64246718
63352296
60645670
63560779
62941222
62207220
62872116
63361297
64144591
62925199
62114458
62976334
63599991
64186491
64209136
64214022
64154334
63784646
64221893
61313654
64168926
64175241
63931766
63462124
63524910
61504830
63385922
60679051
62027074
64244524
63332561
62889184
59108860
59579368
63498327
63154872
63316302
62838513
62548605
62949700
64218684
64139519
62915837
56806549
63532827
63343190
64164942
64188180
64247054
56620856
60361810
61902876
62972863
63628674
61909993
58776416
59695042
63191435
58975682
61967441
60698463
62753428
62959309
63187091
63947290
61354056
64248571
62863635
64245646
56600653
60646208
62229770
1000205883
63194280
61676940
62870445
63348440
63297704
58779297
64222637
56571343
63346884
58050430
60671879
59507834
62964535
62733931
64084445
63327393
62506436
64246951
64163132
62873984
63085502
63557356
64193120
64246648
63488743
63984979
63453395
63136996
63316325
64170711
62547133
64213716
64067856
63329920
62555635
59162332
61872019
62287930
64024036
63463500
62679132
62766312
64222661
63271082
63159617
63571441
64189950
62916419
63560670
63569888
63159673
64193002
63174430
64249088
64192247
63138586
62904800
62026544
62894482
64140083
64237797
64194236
62587632
64144170
62295856
61522973
60320979
64161025
63999257
58990268
63306602
64158715
58065631
58728127
64186340
64247485
64106846
61108455
59671717
64193143
59905880
63047440
59868057
63335534
64208006
61334080
62934580
64248291
58989147
64061095
1000200520
63172563
59126839
64126335
63029708
64174336
61501585
64142140
63968953
63179384
62926879
64246286
64245556
64150068
63058051
58351109
56805185
59129881
62218517
62956257
64208121
62100684
62856841
60734101
63320245
63713677
62762705
64172426
63547287
63569440
61494538
62812796
62499369
63117482
62504988
62555234
64214790
63478840
63484664
63549930
59380794
64185962
63488228
63567784
60915912
62122184
62708691
63371139
63137653
63542655
64206406
64209593
63515514
63456391
63099780
62055232
64135032
57428419
62935728
63708864
63511526
64179176
64213652
62525215
61692104
61497758
59022285
61940722
63551291
63164816
64212037
64187601
58841079
58040389
63358802
64136977
64177910
64190712
58665743
64152989
64208255
62018653
64248272
63378039
62899628
56973565
61725676
58918611
63260055
63116476
61148622
59006042
62274275
63124084
59604721
63337349
62948648
62021652
58053922
1000201822
61521922
64248632
57400276
64152472
64151900
61756790
63328404
62734109
62998106
61840033
64220206
64248647
64135162
62904784
62963191
64130326
63384844
63393120
62753747
64238190
62964946
59640273
60311028
63150987
63094923
63105750
63332396
56546200
61485717
62990271
61940021
63652919
64248614
64134348
64127753
63513966
64195842
64246237
59480759
64099088
64246893
64228448
58261568
62642027
63982656
64172351
62952170
64151506
63356340
62964616
64156365
61324344
64221705
58448858
55804247
64247619
62084344
64091635
63106557
58953350
62863092
63286820
64135003
62739864
61361771
63543698
64165394
62918671
64163240
62742353
63524493
64226913
63324602
63086917
63453204
64214041
64188501
64068790
64205675
63537470
64185904
1000207059
64205897
64067522
59499069
64211108
63276796
63555516
64248729
62692909
61909755
63398919
64177971
59892147
64219490
64248378
63293047
62950172
63770763
63551436
61326132
64184150
63367479
57405431
61469991
63657397
56794445
62271266
60472867
63431479
59382757
60363670
64221789
64220679
64154551
61905105
63359564
63349356
64245410
63333147
64172128
61345216
63303177
64338365
64150191
64150247
64150190
64388799
64302755
64392469
64320899
64355590
64312331
64323232
64315535
64338621
64330646
64459158
64456164
64456828
64458585
64453397
64456837
64458321
64456362
64436801
64437675
64358134
64333786
64359893
64373385
64355638
64378087
64372186
64303310
64302772
64311014
64302677
64311805
64318285
64315571
64354682
64355922
64363242
64349939
64349356
64365532
64335394
64340455
64434051
64418119
64350181
64344663
64300815
64318732
64379649
64381418
64448155
64436213
64446579
64457760
64448781
64440656
64438575
64446727
64451138
64438450
64439183
64442859
64459260
64424862
64440313
64457868
64444464
64453850
64421783
64421482
64421509
64431700
64430520
64455261
64450114
64443349
64447680
64447014
64456150
64458410
64459096
64453360
64443958
64449890
64452632
64455303
64456601
64457645
64449858
64444045
64451207
64448062
64442471
64448183
64454693
64457876
64442930
64456149
64457929
64448228
64375934
64347464
64389365
64374786
64396610
64365774
64348668
64301668
64418323
64435831
64454476
64447910
64454213
64445228
64446341
64455054
64447864
64449817
64445572
64450727
64449702
64452654
64446553
64452712
64449737
64449819
64453726
64452353
64451357
64458486
64338313
64328546
64430920
64455198
64422514
64350921
64429374
64397327
64431619
64422457
64316691
64317890
64399399
64397136
64438012
64367690
64319733
64350320
64380656
64352069
64302254
64355669
64417062
64340284
64332919
64341682
64303361
64354305
64339590
64377027
64455621
64459121
64449824
64454634
64451339
64455317
64449761
64454394
64451213
64454361
64458520
64448182
64455147
64452427
64451735
64453456
64455323
64457060
64455300
64454624
64302393
64327810
64441190
64385752
64303941
64384538
64364148
64385234
64352285
64304309
64447772
64339120
64407854
64387472
64350048
64346057
64332820
64388744
64343053
64306025
64303754
64354560
64330508
64358703
64300929
64430874
64394958
64456890
64399694
64400422
64312423
64362760
64395517
64453503
64352927
64309957
64304557
64381584
64312350
64334593
64306376
64402300
64324523
64332435
64365849
64362142
64397988
64355286
64433555
64360640
64334677
64342678
64335830
64310538
64355680
64386800
64377211
64347947
64387904
64419546
64310993
64324511
64309597
64446691
64372971
64372710
64390130
64344728
64314133
64349164
64389102
64453691
64435999
64454903
64362083
64419094
64355403
64395457
64304826
64330716
64302227
64401663
64356719
64353128
63836682
63867526
63883140
63889214
63895318
64106101
64268558
62232165
62587632
64421623
62397568
64286040
63977922
64408608
64237797
64182434
61689415
62642027
64399235
64409563
62209548
64387157
64368427
64165038
62147865
64411887
64390077
64156718
64150068
64422327
62373114
64406440
64351287
63947290
64186685
64267195
64364964
64408384
64393664
62194937
64154551
64375634
64371337
64412234
64347751
64377089
64339400
64084533
64381617
62802199
64249869
64265041
64330524
64437587
64421337
64311476
64452491
64410441
62166377
64286080
64294347
64323231
64347121
64435561
64256002
64260006
64443259
64319289
64437094
64373290
64334185
64415353
64419129
64435328
64272793
64158715
64175805
64305487
64389138
64376627
64362415
64400986
64287618
64408148
64395785
64328341
64430222
64352376
64440848
64336154
64418901
64267076
64418407
64311028
64418180
64403413
64261124
64421307
64338853
64323750
64323709
64350354
64379289
64413673
64325337
64390306
64437622
64380787
64172128
64349504
64361546
64344969
64427182
64301362
64316637
64457063
64450161
64333557
64307430
64377828
64392062
64258478
64442756
64324170
64450031
64309108
64435369
64404633
64433982
64408552
64264112
64324150
64332703
64378103
64380544
64387539
64408244
64408040
64453267
64333462
64371446
64458559
64403809
64418565
64437697
64354474
64423771
64294226
64408343
64313929
64353497
64409118
64398863
64402838
64455247
64383975
64297679
64416089
64311575
64260055
64384099
64333494
64442238
64452543
64272818
64266626
64459072
64391190
64388494
64403241
64436438
64392042
64365807
64431073
64392985
64308190
64380592
64389914
64435550
64372472
64449798
64377309
64369948
64430727
64267898
64371199
64392701
64446896
64406629
64435380
64428620
64405864
64392298
64409437
64434550
64436218
64435704
64284327
64346159
64412333
64418970
64393578
64408880
64427084
64414234
64412005
64291897
64453882
64263723
64436602
64397886
64452335
64435448
64370093
64437544
64420985
64419370
64272698
64399244
64387458
64436493
64457798
64381938
64430878
64381681
64376565
64436719
64397079
64422877
64397738
64384604
64431775
64328871
64383542
64384164
64446867
64388806
64450106
64437364
64433911
64444675
64416680
64415246
64378117
64285541
64415517
64437620
64437242
64410148
64404100
64368139
64330361
64427323
64290862
64388641
64316504
64390074
64425856
64399905
64409422
64430892
64437414
64389571
64419421
64363247
64434025
64435627
64416289
64406783
64436101
64277752
64385185
64438070
64388740
64435787
64424813
64374460
64347985
64432326
64413031
64383617
64438132
64371619
64453550
64446014
64444589
64445260
64421563
64329499
64416204
64371374
64355307
64367845
64452685
64445128
64379919
64331390
64392780
64425232
64389522
64389041
64422314
64329048
64449679
64380647
64431670
64435410
64323076
64436430
64417971
64418626
64284586
64408825
64417887
64424401
64439627
64434007
64421190
64378356
64439474
64279274
64418492
64427353
64400972
64417685
64398327
64366713
64435568
64388161
64439358
64436871
64420785
64417488
64418256
64416081
64273882
64267712
64388088
64400397
64383905
64424650
64443223
64418251
64435580
64459023
64450984
64417933
64425345
64415550
64407101
64384730
64320601
64348489
64444541
64354386
64404719
64418821
64400888
64416512
64401785
64379561
64385402
64400429
64390333
64288250
64322945
64283853
64436089
64424961
64433415
64379116
64390772
64324552
64352820
64394244
64274351
64400613
64305499
64384205
64386144
64431535
64449633
64334986
64380943
64322582
64401506
64398195
64435113
64364265
64393356
64427806
64363856
64408078
64360713
64415876
64453179
64438281
64429113
64439606
64385071
64424606
64437289
64447637
64404487
64412181
64365868
64419092
64411712
64380847
64437584
64380280
64429870
64444036
64381794
64400966
64438098
64410259
64451279
64453441
64425200
64382532
64412350
64363814
64455000
64415688
64449136
64417976
64356551
64427071
64406304
64437492
64273835
64381379
64432769
64429325
64413025
64415763
64387914
64441795
64425678
64408943
64438491
64436184
64399430
64408176
64435207
64421139
64447977
64372670
64391091
64278198
64381790
64442115
64438459
64394905
64438830
64391350
64409255
64411643
64444180
64448038
64418753
64365634
64413579
64401080
64384926
64397080
64349289
64380907
64409399
64438563
64378709
64347165
64393076
64414699
64435318
64374029
64332859
64394261
64379831
64433013
64306740
64385313
64435181
64381836
64454957
64406476
64408601
64341050
64442020
64421070
64439243
64433050
64405165
64410098
64404179
64441197
64406996
64432974
64436374
64314440
64426915
64264903
64383342
64401412
64444350
64422480
64445076
64405807
64399035
64413517
64380410
64315056
64412681
64439615
64412759
64386829
64440270
64398524
64388186
64311871
64381982
64422467
64435274
64448756
64397543
64424791
64389981
64443586
64399718
64438506
64414859
64278451
64320642
64418397
64385807
64402647
64316633
64437835
64376689
64435747
64418493
64411627
64404926
64404441
64435716
64329766
64421847
64427532
64458498
64390573
64385883
64403405
64431907
64442486
64437592
64357484
64435445
64380632
64408904
64435754
64427540
64334601
64410969
64432733
64353768
64281696
64420663
64385210
64446711
64395974
64422844
64415686
64406628
64392990
64448335
64415017
64419149
64349563
64442442
64424593
64401620
64447839
64400571
64380441
64412833
64418495
64390401
64309043
64379920
64391004
64320342
64416685
64384385
64344370
64374819
64389455
64338931
64435603
64443773
64405736
64381568
64391016
64310198
64410179
64337653
64400220
64435403
64405810
64427784
64409925
64309932
64437280
64436128
64328522
64437264
64310404
64408704
64381175
64390112
64294131
64426806
64437669
64449570
64416473
64380443
64419383
64327407
64411081
64396737
64434123
64453426
64392929
64399526
64405969
64421802
64442425
64424970
64411057
64385340
64442233
64399370
64388681
64426779
64439560
64433362
64414803
64367528
64423251
64418057
64447834
64380595
64381903
64442539
64438666
64434115
64424847
64424847
64458971
64434224
64429945
64389668
64419392
64450266
64389084
64308550
64439340
64452242
64412544
64385203
64436420
64384745
64446120
64402278
64405455
64434788
64404751
64409876
64436363
64330949
64392548
64380045
64404180
64362166
64430600
64331274
64426903
64437704
64387560
64406044
64410948
64451371
64397948
64428772
64434151
64392609
64387771
64384390
64270761
64438087
64366910
64392013
64404117
64437579
64432761
64448268
64362935
64431628
64389703
64423346
64427085
64410151
64398983
64405767
64421445
64404783
64419273
64387135
64422603
64445231
64418588
64402747
64439932
64393389
64411995
64318293
64386112
64430611
64432742
64406409
64442169
64371501
64382854
64418800
64409747
64361663
64379679
64427306
64399322
64381516
64420958
64382461
64402560
64360625
64436468
64385192
64421789
64389549
64336818
64436328
64349917
64456870
64358304
64440458
64427219
64449986
64435562
64435622
64404272
64389904
64386920
64417696
64316225
64409544
64431058
64417270
64404439
64432913
64454434
64438141
64449504
64389645
64427567
64327641
64387710
64383807
64380921
64379305
64438311
64422322
64385881
64325084
64425095
64386598
64376400
64388607
64442713
64407048
64426088
64329957
64444921
64443007
64415843
64386013
64406360
64415726
64400851
64422025
64418763
64425163
64381838
64387876
64421184
64395347
64351590
64437316
64408366
64390646
64419732
64422497
64379389
64401049
64425600
64360603
64431645
64404189
64440116
64320444
64379594
64408197
64393812
64427681
64404872
64320919
64438828
64392135
64310030
64377711
64398891
64393426
64386044
64393638
64411758
64432405
64398969
64427262
64417630
64399883
64412528
64418211
64392281
64437608
64444558
64443142
64437670
64424641
64401777
64373491
64339152
64439868
64455983
64417534
64430353
64379998
64445142
64413235
64360884
64457089
64448740
64370963
64392676
64307317
64393859
64452488
64329819
64439637
64436588
64436588
64446480
64425307
64385884
64385784
64394849
64450070
64419650
64333040
64387884
64374927
64398009
64399146
64454917
64423793
64401101
64321146
64453665
64368990
64396557
64438468
64397495
64370987
64409654
64359493
64370325
64270436
64435306
64384228
64411494
64436143
64408633
64381645
64410374
64388638
64387069
64427693
64404044
64417660
64369670
64411964
64431618
64323878
64398275
64414143
64422902
64439670
64291499
64405411
64380853
64292924
64416482
64385628
64409340
64447137
64426145
64431932
64430759
64426943
64444802
64402596
64439899
64381146
64379521
64440281
64384007
64384772
64416568
64329438
64448348
64382112
64421735
64404150
64322391
64374468
64317052
64441971
64424263
64409405
64412148
64343318
64405718
64424698
64397053
64436283
64307085
64422777
64427863
64384317
64459420
64451366
64430766
64452511
64435888
64397135
64398674
64397905
64375294
64388732
64428214
64443655
64414951
64400314
64328191
64440677
64379672
64404645
64410877
64411815
64393268
64404808
64402758
64411550
64411024
64412714
64385452
64442534
64329268
64416346
64413249
64437071
64372871
64394663
64408284
64359026
64408539
64436197
64422328
64423531
64425273
64381394
64328457
64445174
64438258
64403521
64453773
64442971
64421320
64428278
64367160
64440318
64404130
64433467
64403034
64409231
64445596
64436732
64428303
64405941
64427666
64353152
64352439
64421088
64437619
64406265
64431600
64418263
64404169
64397214
64428748
64417672
64444472
64385708
64446936
64418943
64406005
64409833
64409691
64411730
64456260
64398740
64398766
64334988
64428894
64385377
64459695
64454997
64413739
64419907
64424632
64431235
64432546
64383983
64428749
64444873
64434585
64412682
64388413
64396100
64450116
64440168
64424867
64334588
64273669
64326331
64381560
64418445
64448318
64384496
64375318
64415551
64424774
64394808
64397517
64440199
64393475
64397782
64382708
64436243
64410242
64405170
64442195
64409481
64436637
64400102
64355492
64438191
64433624
64385383
64449517
64448253
64407867
64384421
64433233
64459683
64405456
64436431
64425298
64446329
64414472
64427234
64404225
64413223
64444664
64419955
64390036
64408203
64372015
64408827
64427579
64408827
64427579
64384861
64406017
64404630
64439422
64406969
64433884
64405096
64410554
64452311
64444683
64388176
64444234
64395967
64301935
64417219
64398793
64415574
64420755
64385778
64383474
64448730
64418771
64440210
64447974
64458401
64415687
64404485
64425916
64439928
64277868
64422960
64392253
64415927
64415563
64427804
64412605
64428430
64404756
64419258
64404342
64427712
64425528
64402466
64419670
64431681
64392412
64409975
64420226
64443701
64400838
64388955
64416683
64433893
64383779
64456878
64440632
64429963
64388529
64379841
64389432
64416191
64367236
64342686
64433231
64421811
64404490
64336807
64423540
64354952
64404875
64374197
64409843
64442910
64440011
64309141
64457128
64457160
64359084
64293136
64388570
64385093
64393414
64382814
64360815
64399904
64398852
64402492
64439556
64414037
64418638
64312431
64402243
64414916
64430684
64404605
64325218
64407960
64421944
64436874
64420722
64390387
64416111
64432745
64365863
64384653
64446171
64428707
64404884
64451581
64439531
64409089
64419180
64427596
64404567
64384315
64388968
64412679
64436921
64406093
64430025
64427495
64384726
64446643
64285014
64442261
64436355
64439728
64392101
64384605
64401796
64390602
64380351
64456230
64438930
64408958
64401182
64455352
64431531
64392169
64399406
64397057
64398083
64415289
64264057
64401916
64421345
64407903
64451579
64399352
64384075
64427474
64398325
64398015
64422515
64389883
64436277
64410704
64417973
64415872
64415417
64407977
64450210
64298772
64411230
64370565
64412858
64419375
64406575
64401100
64424856
64449264
64429860
64385664
64436467
64392070
64442360
64427748
64440375
64438076
64389305
64459180
64415819
64446392
64406366
64409658
64421790
64431318
64454265
64391939
64379964
64396555
64428081
64365366
64452518
64421469
64408877
64407928
64423066
64454156
64379279
64379933
64419552
64430368
64440485
64419272
64398190
64378933
64357802
64448237
64409152
64368980
64421909
64393818
64431117
64440575
64441086
64402433
64425680
64459969
64415153
64435054
64401542
64456557
64401058
64426296
64447101
64385788
64299099
64402722
64400369
64402557
64329073
64383862
64393766
64434962
64364449
64408752
64428218
64390259
64328132
64410166
64420193
64427137
64401710
64436022
64427483
64439842
64447002
64412064
64393099
64386830
64409122
64410770
64404999
64393354
64412985
64385360
64421086
64452215
64312859
64407094
64445917
64394675
64381749
64432434
64420981
64450250
64438423
64433855
64438776
64427237
64379874
64430040
64300556
64390153
64287789
64397845
64417405
64305985
64451525
64405076
64400729
64379196
64408249
64391165
64396376
64422071
64414743
64398882
64408126
64447699
64401311
64403792
64273266
64423872
64380344
64382524
64419601
64414032
64420197
64379550
64446161
64415961
64431262
64398188
64439498
64454152
64389258
64425137
64392314
64418823
64404767
64380671
64407883
64391743
64395522
64314844
64326737
64415520
64422554
64425712
64402094
64430046
64408015
64455406
64424212
64445039
64388040
64446267
64411906
64412914
64433232
64432710
64402628
64320742
64391056
64435697
64326392
64381477
64392145
64447043
64400290
64435662
64384903
64407776
64422930
64325095
64408994
64413593
64380977
64398934
64440142
64406643
64383577
64404376
64381326
64440278
64309017
64394561
64386453
64401317
64371565
64398319
64386793
64444386
64402886
64393306
64411999
64389726
64408694
64409599
64347194
64305709
64409815
64410741
64413093
64431010
64393973
64439489
64428715
64409887
64402376
64398461
64435607
64378252
64393014
64397565
64413497
64401112
64389611
64415348
64409054
64317601
64386777
64406896
64385434
64403686
64409103
64405023
64315116
64394855
64397634
64368815
64408919
64410153
64369486
64424878
64391984
64398509
64379934
64394062
64406673
64389743
64441946
64456074
64426535
64427838
64411638
64424756
64450158
64398679
64310186
64433128
64433317
64399816
64439884
64385018
64392404
64411017
64413314
64386591
64419304
64427982
64410807
64385112
64352479
64410157
64418693
64422598
64406209
64402192
64427782
64360788
64419863
64391537
64448743
64264772
64450260
64380694
64457920
64406361
64297294
64320850
64436529
64446565
64410205
64438279
64441085
64441723
64381593
64411594
64419916
64398710
64392054
64424721
64403759
64398587
64369465
64394931
64394686
64391097
64438374
64438252
64381322
64438552
64393387
64436678
64424222
64413135
64406286
64446703
64379109
64439332
64387149
64431150
64424400
64408355
64405886
64418000
64390384
64400270
64449763
64409746
64435064
64432993
64381008
64453762
64448158
64378829
64357165
64395179
64342916
64430106
64451286
64411716
64430219
64424216
64417431
64434666
64418401
64352704
64401483
64389484
64364397
64433952
64392243
64384536
64427953
64392022
64442502
64380231
64394866
64339934
64432033
64364340
64396705
64434130
64405591
64384662
64408353
64401525
64400343
64416703
64409160
64379487
64405541
64454290
64307051
64409286
64386391
64403421
64427155
64424032
64437867
64398317
64412564
64411436
64333619
64387485
64392443
64419718
64384992
64416840
64363812
64412466
64443996
64423249
64446060
64430752
64419826
64413008
64384521
64432838
64444165
64342003
64404940
64392706
64412569
64397525
64409347
64353418
64346569
64420462
64455118
64421685
64384258
64437416
64421440
64440864
64447814
64415709
64409795
64427488
64394057
64311905
64436091
64386203
64392212
64415088
64380701
64402264
64453948
64378876
64412082
64416157
64420393
64427326
64409473
64425022
64421457
64398478
64436206
64387913
64391120
64401264
64456332
64401511
64421285
64442393
64411731
64401457
64402077
64413418
64429017
64401551
64324452
64412025
64381239
64402242
64370808
64396381
64406352
64404010
64408911
64393257
64380242
64408921
64422141
64404217
64416082
64445914
64333449
64389380
64420976
64387777
64416725
64317598
64426463
64402586
64397641
64392210
64408415
64381268
64424193
64392899
64446778
64385960
64409633
64400689
64398511
64458943
64407687
64395411
64430683
64413672
64428024
64415527
64398652
64402139
64431008
64393544
64380432
64360658
64420588
64410080
64385386
64441777
64442925
64398723
64399133
64398608
64387817
64446548
64401530
64400984
64381352
64398987
64424794
64418422
64358715
64380114
64400466
64427291
64406930
64445672
64407182
64403730
64449903
64455924
64423361
64427890
64385962
64437573
64427334
64380402
64400760
64409458
64402161
64408976
64427492
64340322
64401414
64408286
64419941
64384623
64383597
64399829
64424494
64393547
64410254
64421938
64409523
64334578
64409393
64435564
64381802
64425490
64424718
64442938
64401998
64396437
64381672
64436636
64318663
64408233
64412862
64399826
64439004
64446408
64418690
64395259
64379689
64410960
64421049
64381656
64447799
64432585
64459160
64454648
64417937
64418804
64408916
64376621
64400812
64424716
64385913
64408893
64407073
64429043
64366050
64407750
64358603
64415256
64434689
64376193
64394940
64408055
64392669
64400334
64436270
64439634
64454337
64410693
64403154
64457711
64418389
64411397
64430970
64366704
64438678
64436844
64381219
64431223
64428509
64406513
64405169
64412710
64424827
64423367
64457094
64334945
64443400
64427400
64410367
64439758
64429510
64445145
64458627
64445145
64458627
64409970
64419556
64404098
64417371
64426588
64381954
64406876
64456995
64390461
64389134
64406678
64445556
64443386
64394659
64402698
64405061
64405515
64407968
64413534
64406498
64389850
64427939
64428407
64437563
64458447
64441729
64366795
64400098
64427156
64378578
64392805
64408568
64412336
64349127
64442256
64422805
64402592
64442144
64419199
64389424
64408577
64378555
64397219
64393562
64390061
64405202
64391341
64404616
64398879
64380376
64423329
64415432
64396441
64453283
64382833
64410084
64401200
64431538
64429424
64400399
64453605
64423967
64401172
64325199
64415271
64430782
64383782
64431324
64424943
64312984
64405913
64416317
64414768
64429297
64407534
64434334
64439756
64442782
64346645
64422668
64353947
64380695
64446793
64431521
64430260
64395609
64403199
64365136
64421724
64319889
64417328
64401238
64382483
64400100
64401925
64404030
64306872
64408251
64387883
64437583
64427007
64409515
64324340
64403242
64410470
64354456
64401669
64415860
64430157
64405108
64428139
64428574
64426780
64393837
64379707
64387959
64391504
64445180
64400634
64405814
64438215
64312947
64412516
64398711
64389683
64405485
64386790
64388472
64401456
64381752
64379520
64422550
64418936
64400539
64432875
64408595
64425253
64438738
64410600
64380539
64392261
64430746
64421228
64409499
64358996
64422513
64428344
64426809
64450321
64422628
64419864
64420500
64402712
64379738
64387694
64409142
64366943
64398242
64435467
64404280
64404724
64334361
64448194
64404963
64336978
64345713
64410870
64421110
64460231
64413574
64426218
64402571
64435465
64448414
64416653
64385815
64410991
64432947
64459311
64387924
64424912
64427034
64411547
64409513
64380683
64435329
64415837
64414978
64459923
64409801
64429169
64399568
64417581
64444039
64381558
64379171
64401240
64379818
64402755
64413028
64379270
64422088
64408263
64418196
64407130
64399749
64405370
64415883
64459727
64458996
64319528
64456316
64402210
64439779
64435611
64448745
64397338
64427214
64419648
64444317
64367663
64418197
64393212
64429741
64416052
64378601
64378613
64387206
64391087
64394543
64383136
64442106
64406039
64353502
64335825
64361549
64411080
64396724
64426278
64394280
64429209
64454255
64446602
64422092
64392380
64381159
64404127
64388891
64385393
64381392
64398353
64379220
64433488
64435759
64406183
64445858
64404568
64398982
64412111
64389974
64430055
64449735
64419454
64411007
64334709
64415948
64401367
64433393
64397586
64459365
64407991
64414623
64406452
64394338
64325437
64396085
64401401
64383837
64406775
64389369
64459263
64435721
64394287
64381852
64450950
64437328
64411143
64411687
64384751
64444916
64416899
64415041
64428410
64405098
64409956
64401750
64430929
64383831
64413413
64402338
64385040
64427227
64387957
64435769
64433650
64426239
64412028
64401505
64383587
64409773
64436288
64408124
64460240
64384818
64385243
64388240
64444814
64408155
64408156
64406902
64409644
64409416
64398576
64402219
64399877
64385172
64404797
64324259
64409116
64406371
64400981
64310320
64425045
64436038
64411561
64401327
64457182
64417993
64401640
64446667
64363970
64404580
64408340
64421888
64378962
64401880
64421276
64428403
64400900
64415343
64405229
64419186
64407894
64401300
64313796
64422632
64436063
64402428
64458723
64408999
64435903
64444563
64417921
64457051
64406475
64426925
64388152
64443412
64366265
64400019
64404373
64409100
64441278
64387732
64413240
64423520
64400756
64351466
64436608
64345938
64409229
64419496
64400581
64417964
64415253
64432382
64396345
64366328
64405160
64361610
64412325
64434001
64405218
64432945
64397074
64454501
64433141
64406203
64428354
64410611
64425661
64433150
64392038
64414704
64422907
64425177
64386802
64404086
64412558
64419710
64388489
64425197
64406557
64399489
64403035
64440095
64448169
64350700
64447713
64414953
64337847
64406094
64437615
64423247
64406096
64429281
64383022
64393492
64392678
64457209
64438246
64408325
64407936
64412922
64420116
64432289
64409044
64428142
64409044
64428142
64401718
64440899
64452329
64415248
64402082
64418153
64410700
64431679
64431679
64436479
64415519
64452214
64439934
64392059
64441985
64431127
64406551
64415156
64408616
64453787
64428802
64439142
64454507
64442829
64428105
64440450
64394602
64393066
64430974
64454198
64395690
64434921
64426771
64398432
64453331
64443182
64407010
64438027
64459706
64454215
64417616
64450010
64412924
64446125
64431030
64410911
64432454
64440705
64423624
64386053
64410899
64448174
64431498
64407727
64385385
64398699
64386186
64315657
64392086
64423789
64441818
64378891
64460318
64415416
64402223
64394087
64413414
64416316
64452322
64413687
64400596
64428151
64391886
64418925
64379062
64409031
64408279
64393442
64448625
64402319
64379552
64411486
64374324
64450275
64416678
64439681
64447919
64389241
64382607
64422818
64453064
64442852
64414662
64386223
64422650
64401114
64359287
64422955
64428236
64415389
64390127
64428427
64396597
64446291
64425366
64420056
64401604
64431303
64405261
64390693
64408112
64409959
64445182
64398387
64389091
64413193
64456035
64414909
64392256
64418609
64444360
64409398
64400356
64416471
64381136
64392016
64429190
64415295
64397675
64422541
64400808
64449905
64427310
64443097
64410721
64425716
64405440
64381198
64388101
64434619
64444594
64398355
64419612
64432680
64409188
64426247
64446588
64410398
64409117
64427876
64404951
64459054
64418300
64435326
64389975
64305979
64448883
64444894
64395446
64411901
64381606
64403728
64422547
64389575
64380245
64391201
64347453
64445274
64440717
64449641
64307731
64437590
64459620
64392463
64448711
64412981
64406032
64443473
64307714
64381421
64408716
64415645
64431716
64387188
64404157
64405418
64343389
64388664
64421660
64447030
64412997
64392173
64387891
64423497
64393592
64456972
64437408
64427718
64393207
64385560
64409358
64381833
64438114
64432023
64433022
64388202
64419896
64435108
64440319
64375719
64398829
64403958
64456397
64449595
64374538
64425005
64435597
64393462
64404596
64421632
64398593
64430452
64399698
64425456
64423355
64438234
64397560
64404112
64434178
64337881
64448522
64380419
64415533
64413049
64428173
64444177
64409351
64380914
64417064
64414212
64394730
64420776
64398090
64395759
64401579
64432703
64409943
64384870
64404356
64386540
64396934
64439356
64415465
64430687
64385421
64448208
64393782
64458473
64410688
64354993
64403818
64380068
64402347
64398566
64415433
64322810
64388126
64430711
64430711
64393887
64389655
64412863
64392368
64405756
64400053
64401437
64380892
64385343
64389609
64442480
64440547
64398544
64402436
64400376
64398605
64411342
64418827
64448327
64451446
64421585
64393873
64456323
64311580
64323485
64389572
64390510
64417093
64441797
64445169
64423943
64394205
64409448
64409686
64381118
64378952
64423946
64434945
64390958
64404628
64415915
64449669
64321465
64389875
64409196
64401465
64334729
64448024
64437330
64421240
64449678
64418918
64400332
64444689
64408547
64384097
64428452
64445964
64379877
64339282
64395894
64424079
64425692
64414747
64403074
64413912
64397671
64442242
64398736
64433757
64419723
64417174
64431438
64378292
64445337
64370915
64412780
64367115
64451284
64406479
64401165
64436480
64416282
64387985
64383078
64394121
64414026
64441888
64404244
64453768
64406170
64379762
64394555
64398572
64452505
64415410
64312374
64398857
64436207
64406162
64404727
64397842
64430529
64384886
64398224
64443495
64446012
64454272
64411902
64407893
64401875
64421274
64413422
64404474
64434105
64435254
64431683
64419798
64346589
64422854
64442114
64361314
64438668
64439905
64401056
64451414
64388150
64401030
64426777
64415715
64439659
64407719
64442135
64426045
64409900
64393496
64416515
64382058
64431904
64430235
64416239
64440265
64446353
64401848
64442400
64448717
64443005
64400641
64410086
64438626
64404384
64411888
64388895
64427002
64380460
64386127
64403536
64428456
64379822
64445197
64402676
64387127
64456415
64415225
64439950
64405031
64425685
64413638
64409323
64454571
64418337
64409333
64433385
64423773
64434065
64445400
64396728
64450315
64415444
64318442
64398074
64426725
64444938
64448634
64427102
64437721
64383680
64393048
64389791
64422324
64389040
64411818
64446338
64418510
64404754
64433217
64404790
64454794
64396365
64428184
64381207
64425742
64446112
64390080
64412697
64440532
64405373
64424643
64431079
64452591
64416779
64439215
64404282
64425533
64437476
64437445
64397828
64408840
64394088
64421223
64411814
64459265
64414961
64380369
64386034
64409274
64383934
64347308
64415211
64415789
64438023
64430476
64381401
64407920
64447931
64413248
64439620
64388414
64445050
64420028
64417652
64414823
64381930
64389710
64412024
64324788
64392131
64406926
64414735
64422347
64422577
64433195
64447055
64444228
64450074
64422361
64415774
64417214
64407823
64388977
64416536
64421284
64405808
64428130
64396911
64419765
64414750
64424404
64407191
64458561
64416429
64394059
64416454
64415858
64455010
64375584
64421996
64408908
64396795
64398225
64434355
64405208
64407345
64421282
64388629
64415238
64422064
64388322
64385969
64380770
64378682
64390408
64448139
64447064
64428883
64378951
64446071
64441410
64457204
64402379
64416186
64415813
64388486
64397126
64416490
64409695
64400514
64430366
64410357
64416826
64401869
64406187
64367997
64418468
64405014
64438581
64458292
64436825
64416611
64430786
64431286
64383591
64453437
64396364
64401917
64438533
64424353
64385219
64384651
64430500
64371882
64379172
64437636
64387436
64432971
64380565
64393128
64398600
64446290
64411470
64391407
64412913
64435589
64403820
64408907
64452560
64402732
64402894
64448600
64405002
64397745
64397267
64412026
64430423
64431341
64411782
64429060
64380482
64402059
64424723
64373076
64454196
64389178
64391151
64402079
64442764
64442448
64380651
64399268
64407569
64409807
64410451
64421066
64384980
64438651
64420921
64431861
64440513
64402694
64425621
64428536
64412783
64370435
64381701
64431342
64409789
64448299
64406467
64374303
64388888
64394448
64392915
64381398
64429355
64424102
64379508
64408830
64395341
64432492
64380113
64435992
64425557
64457563
64397811
64385738
64431321
64382480
64396467
64385973
64451197
64385070
64422983
64415004
64381315
64450967
64387963
64422378
64399695
64416103
64389009
64435371
64410603
64427505
64416589
64416868
64402631
64381372
64432723
64380499
64428145
64400792
64424843
64448220
64449536
64407993
64422968
64444712
64402460
64416340
64440440
64396735
64397901
64382671
64421143
64434678
64456063
64388196
64418491
64409236
64414895
64416194
64414140
64418409
64315590
64379168
64398047
64400732
64370437
64378639
64397022
64422790
64428041
64384193
64435758
64438419
64435230
64395916
64429924
64390768
64393834
64406654
64390235
64400517
64427061
64346698
64409144
64408912
64450303
64445257
64418359
64458482
64411823
64449387
64407994
64445322
64428474
64408627
64448545
64435665
64428109
64383682
64447119
64422028
64411568
64396812
64390159
64421725
64356080
64402636
64406075
64401837
64404121
64421831
64418092
64386152
64413561
64401524
64443434
64457682
64398059
64446945
64383900
64385629
64440475
64428345
64383689
64437002
64409726
64418405
64381438
64430273
64381137
64408885
64403652
64405724
64406015
64378706
64440018
64412046
64393139
64384288
64442259
64380362
64425357
64442461
64389409
64386503
64429907
64390148
64416143
64393717
64389661
64421851
64398055
64408851
64416570
64417908
64438154
64451224
64394415
64431254
64416659
64384215
64427319
64380269
64435644
64417939
64404462
64411606
64329571
64398970
64387140
64379377
64417740
64441146
64420642
64379014
64405897
64454450
64421078
64404588
64458448
64460209
64403251
64416209
64430868
64422909
64444468
64430178
64400665
64398480
64414985
64400626
64452726
64437999
64442709
64374434
64408389
64405915
64446863
64402177
64401693
64409446
64402249
64403983
64398292
64309184
64443729
64405402
64402218
64393225
64412701
64424171
64383851
64422315
64410956
64385089
64407421
64397691
64397691
64436348
64405441
64389265
64418533
64381307
64439312
64415859
64385651
64419528
64419528
64425294
64394930
64385232
64438181
64403351
64387501
64392432
64398853
64385624
64379804
64435592
64401115
64396863
64415458
64431152
64426473
64451429
64415480
64398637
64426070
64424622
64418138
64366222
64415593
64419591
64413432
64388850
64442351
64419176
64421301
64407455
64400915
64451521
64412993
64406761
64452245
64385458
64381202
64379745
64399494
64446780
64383967
64430242
64410330
64412811
64439140
64433134
64407857
64379731
64422928
64418183
64422232
64446728
64419681
64382527
64444410
64436506
64441972
64418213
64382366
64388886
64409180
64414133
64451425
64400239
64415557
64439700
64401748
64453281
64438868
64459709
64408025
64438976
64378604
64403881
64397623
64455106
64416528
64435033
64459633
64433374
64416495
64378777
64439943
64399631
64412244
64459805
64451442
64440855
64409156
64393572
64398644
64440197
64420955
64439331
64411796
64447988
64390229
64441961
64452798
64435723
64380170
64412435
64392115
64449714
64448249
64405572
64448201
64455441
64436188
64405004
64390859
64413530
64400970
64438893
64443898
64459968
64433039
64442462
64377623
64384397
64405395
64440245
64439363
64455133
64388292
64397416
64428408
64437941
64444812
64422935
64460423
64414102
64459162
64380104
64408425
64412599
64439592
64409819
64425306
64393565
64439420
64426057
64402400
64415094
64419930
64426973
64439543
64397231
64432515
64386511
64420329
64436160
64401578
64418813
64416524
64427435
64410286
64416092
64403258
64352799
64425536
64395279
64444414
64445896
64436367
64403412
64388054
64421114
64397357
64416921
64416972
64420321
64401469
64392751
64394526
64434985
64431666
64438647
64427233
64452758
64419627
64424788
64406465
64427318
64422107
64444519
64431325
64434246
64429319
64425143
64406274
64445201
64422887
64431338
64444112
64445083
64399575
64432560
64458584
64429370
64428204
64430763
64413064
64409762
64426951
64424278
64408902
64459116
64427525
64438402
64448420
64454524
64439452
64291433
64457926
64459122
64458557
64458429
64459223
64459192
64460226
64459591
64459670
64457912
64458331
64458944
64460394
64459398
64460148
64458280
64459069
64459139
64459634
64459803
64460204
64459799
64459184
64459914
64458979
64459236
64460218
64459035
64459298
64401655
64266378
64435051
64203826
64451541
64426228
64408137
64434059
64360983
64267346
64404566
64412300
64382026
64433842
62359190
64437372
64430720
64398762
64383578
64418121
61687848
64364608
64404998
64435038
64385315
64325414
64408206
64382687
64416251
64407682
64355493
64437979
64393476
64458624
64340685
64434341
64433514
64419434
64446039
64334162
64415367
64440553
64438285
64337502
64251496
64397458
64339077
64459578
64290080
64384337
64269528
64403562
64430403
64434504
64309397
64364472
64437922
64404307
64402168
64393729
64401363
64451032
64432748
64410843
64430879
64405393
64368119
64393727
64412591
64408453
64328888
64382875
64398984
64402860
64385401
64388238
64444654
64375938
64413136
64360141
64325264
64431604
64296930
64274290
64402035
64444997
64458420
64408327
64432505
64445963
64438913
64381577
64380054
64382156
64411798
64401479
64379151
64439391
64368567
64422226
64378889
64438880
64415384
64457155
64452839
64379582
64441839
64369301
64432055
64403647
64427541
64395051
64416322
64381193
64422953
64427629
64435235
64437791
64294198
64376429
64400798
64413177
64407885
64408319
64323398
64428957
64398823
64400655
64398801
64436464
64444674
64406098
64417461
64390733
64380353
64439598
64430743
64413435
64420723
64402980
64380179
64404199
64442110
64420351
64346796
64435313
64350131
64438328
64400622
64448170
64364807
64457911
64412471
64437976
64432706
64401721
64411778
64426316
64392974
64378399
64444469
64450851
64402506
64392704
64422580
64385499
64449864
64402900
64417842
64403155
64380851
64441785
64435248
64431112
64409110
64383470
64393061
64456130
64448696
64419123
64416420
64368325
64381192
64411975
64401134
64397672
64453738
64434434
64427263
64408808
64435887
64414642
64419868
64440975
64404105
64398526
64288714
64443085
64401609
64402528
64392047
64444395
64415081
64385422
64405757
64407515
64454680
64423003
64400348
64380571
64438932
64417902
64412538
64447068
64396583
64428726
64430155
64381384
64415575
64409983
64416587
64410392
64381290
64381402
64380048
64409781
64428422
64407609
64400353
64436533
64404652
64418032
64402240
64342629
64403209
64422635
64458352
64404791
64406063
64449509
64404827
64450583
64418085
64426491
64421115
64427087
64436108
64403563
64390349
64402096
64439466
64427049
64432028
64389313
64454970
64385492
64400873
64412348
64407950
64333646
64449995
64399880
64406912
64411256
64443167
64404695
64422644
64406351
64413764
64400493
64410713
64403014
64400441
64390967
64388366
64446759
64430233
64407466
64393714
64385541
64404609
64409797
64405321
64457925
64396440
64333174
64419757
64405708
64408082
64393740
64408854
64402086
64405854
64393985
64409764
64398588
64415434
64393826
64396825
64388075
64458452
64399569
64432914
64456322
64433014
64446335
64400300
64441521
64387975
64422264
64405149
64453734
64410162
64405579
64431837
64379244
64418056
64432479
64439629
64383813
64418130
64396258
64440195
64404110
64389317
64385532
64431608
64388975
64431050
64392499
64413408
64386074
64420242
64388852
64307791
64459644
64442469
64388272
64391138
64455008
64424480
64394061
64392048
64412178
64442714
64421628
64437383
64385238
64447956
64413303
64395792
64395241
64416486
64433391
64443335
64418594
64444374
64398484
64459262
64458635
64459599
64459224
64404738
64459830
64460300
64324682
64459487
64360080
64333701
64399316
64347729
64438204
64432496
64455377
64417642
64452865
64397202
64412218
64442656
64393264
64390915
64380978
64384530
64399979
64433159
64352594
64401041
64377062
64401161
64404895
64385970
64387800
64392251
64416828
64401211
64401211
64413167
64424473
64396659
64371672
64429283
64417986
64376707
64417953
64294192
64294192
64414798
64384198
64396759
64433857
64400839
64418297
64444826
64403990
64448388
64444970
64426260
64408096
64312274
64393842
64424002
64394192
64448768
64415485
64293371
64293371
64357960
64405932
64264074
64305462
64403379
64411336
64384122
64425372
64402861
64396989
64417872
64431528
64436551
64382611
64440545
64439454
64339959
64431555
64384558
64403105
64455387
64401519
64333883
64309572
64408563
64427047
64432986
64441799
64438730
64402710
64387881
64381096
64424589
64404718
64444118
64431120
64438033
64418820
64408979
64348056
64396680
64399447
64447031
64440006
64438354
64430609
64460364
64378958
64405137
64435264
64416526
64408612
64404245
63832902
63843709
63834079
63850092
63835744
63834480
63839114
63838709
63841959
63849480
63845262
63853473
63860388
63837858
63839387
63834837
63851786
63850634
63845448
63839284
63847387
63850318
63843288
63847055
63845542
63840501
63837472
63843958
63850720
63851571
63850829
63857695
63848511
63848042
63851880
63848398
63836133
63840983
63841710
63847373
63841997
63851779
63841496
63862162
63851378
63852610
63876215
63853553
63849779
63841357
63841642
63869355
63853951
63851333
63849335
63876585
63879615
63853645
63857736
63855001
63848400
63869451
63858677
63853180
63869116
63864541
63858429
63877432
63859537
63856552
63857217
63856561
63851392
63858514
63879360
63847447
63851754
63855090
63854939
63858652
63866327
63858387
63866684
63895605
63867264
63854055
63871583
63860325
63869597
63850457
63874095
63870343
63860881
63874687
63865656
63868932
63864779
63859933
63884522
63885455
63862165
63868947
63885214
63876048
63860930
63868521
63877431
63880271
63862552
63873283
63887836
63864345
63870040
63880361
63874496
63869428
63872808
63861637
63875263
63867090
63874532
63876671
63889257
63875874
63880182
63882161
63889034
63876843
63888510
63878795
63878713
63884019
63880488
63880657
63882684
63889197
63881508
63882691
63889329
63884832
63889170
63880905
63884646
63884770
63876004
63880063
63884925
63895186
63902561
63883157
63889251
63897631
63894681
63897712
63888014
63893915
63885778
63898641
63897778
63896201
63886415
63897548
63899796
63898663
64409919
63891755
63890096
63898343
63882178
63894135
63889513
63894438
63850726
63896691
63897237
63897708
63902166
63836043
63846363
63844196
63866838
63851219
63853634
63879098
63879727
63887042
63895679
64436670
63897034
63900601
63853062
63855291
64057416
64172019
64205102
64413404
64321870
64393243
64328223
64445323
64371303
64299472
64417858
64407604
64214344
64441861
64434036
64375019
64442642
64300828
64347168
64357897
64339081
64272935
64247463
64351013
64365763
64319920
64304805
64329697
64380868
64369243
64319445
64400267
64387836
64272686
64446466
64383595
64435636
64293550
64424948
64275332
64346975
64252871
64299675
64376159
64371856
64333658
64383747
64311350
64416050
64342495
64290523
64424841
64413307
64262505
64377654
64450280
64423319
64457878
64410653
64269846
64364568
64309515
64415634
64291964
64441994
64276398
64410507
64444876
64431295
64267170
64416850
64439396
64267946
64318938
64391369
64408184
64312094
64366161
64270570
64439958
64345165
64375625
64357441
64410095
64435090
64339254
64255816
64303733
64386017
64371255
64410672
64344001
64317356
64417907
64334560
64429777
64345758
64380605
64361373
64381806
64273106
64343901
64438488
64379296
64332610
64392431
64376098
64341572
64361728
64369727
64421465
64333452
64281058
64314120
64433971
64436488
64310246
64390205
64313763
64330085
64328931
64329324
64344309
64313988
64334708
64416991
64364622
64268859
64398112
64398046
64388635
64308761
64437952
64436541
64430591
64437283
64259489
64262308
64402888
64338742
64409224
64256812
64408019
64357473
64332995
64311969
64435426
64338649
64441954
64376495
64408001
64395011
64324903
64437479
64410311
64437860
64310758
64279283
64314840
64408993
64369831
64381104
64432985
64279323
64427895
64428229
64272257
64318804
64435610
64380524
64310449
64409532
64324168
64374692
64374692
64332641
64381341
64420436
64287883
64366484
64362119
64342507
64447794
64436119
64268413
64392543
64367143
64435804
64415541
64268301
64416478
64435201
64440944
64349739
64364590
64404897
64435942
64436573
64273736
64398947
64321590
64424883
64439600
64367684
64437399
64369728
64258380
64349616
64293188
64440949
64364007
64389742
64429257
64409767
64348689
64402531
64345111
64436830
64412594
64426310
64418964
64385204
64288090
64390941
64333523
64435516
64312336
64435182
64348691
64376189
64419919
64447344
64291106
64442519
64400978
64284547
64442582
64370286
64365684
64311044
64317903
64377294
64413603
64330468
64433032
64319572
64348996
64419249
64438269
64329529
64350303
64457822
64313499
64308346
64286837
64293682
64362643
64334010
64458402
64426644
64339781
64442370
64356923
64360285
64386342
64349352
64360459
64341131
64312700
64431519
64272030
64392211
64367518
64297375
64386131
64414378
64379923
64444507
64436735
64445943
64397626
64373501
64448758
64344083
64375667
64409537
64339327
64277596
64310508
64390584
64388526
64350952
64367096
64436990
64341835
64410733
64335164
64359460
64418453
64434155
64395620
64268531
64404320
64378457
64333920
64393116
64453675
64289911
64411045
64339967
64392066
64328501
64311279
64281645
64359243
64345399
64404302
64334865
64405480
64340931
64372077
64370869
64375555
64363036
64435392
64408196
64433361
64431376
64432909
64432674
64318514
64315031
64320700
64349680
64371082
64421732
64444554
64442848
64441953
64423493
64410181
64375615
64379960
64379967
64364983
64362267
64339839
64370278
64451422
64314923
64350723
64335907
64439458
64433260
64375913
64450966
64410431
64431599
64350334
64308526
64400555
64333400
64250757
64373007
64384349
64418754
64415412
64348948
64434139
64413246
64446499
64365329
64290593
64357573
64432571
64349015
64335471
64374773
64432521
64274780
64380424
64383080
64405110
64383723
64279143
64433479
64449580
64256578
64448566
64288670
64321042
64396983
64427963
64369693
64434163
64373791
64432795
64310235
64253553
64333193
64458573
64314338
64360468
64437961
64313700
64308847
64364679
64428651
64326081
64371760
64415897
64414342
64363430
64388013
64394852
64379409
64405903
64408333
64447753
64286768
64386579
64257909
64432713
64456158
64318652
64437074
64449744
64333553
64427440
64408111
64394288
64444260
64386664
64407492
64363484
64433774
64435383
64364198
64310176
64277105
64344779
64300626
64398950
64333708
64431176
64322606
64356653
64375921
64370485
64445867
64283883
64330705
64448676
64375895
64356539
64319996
64435252
64298999
64429674
64430076
64401037
64431977
64286894
64415721
64428155
64279023
64447740
64435433
64307805
64363198
64404960
64387387
64450284
64409952
64339751
64332176
64381148
64397813
64399503
64384843
64425790
64410238
64282128
64436131
64308984
64341392
64438894
64415951
64317398
64345595
64366219
64430363
64265832
64426971
64363954
64444423
64344017
64446498
64361906
64346828
64343744
64370446
64433838
64357346
64392387
64430226
64306891
64364734
64343607
64311488
64261896
64422508
64411117
64439366
64452496
64442264
64436118
64357910
64409552
64430624
64379926
64385068
64315313
64389004
64389004
64389932
64349326
64416629
64402593
64418073
64416381
64441166
64417960
64360945
64417960
64360945
64411269
64381849
64426409
64433621
64453891
64425731
64395027
64370661
64379958
64297332
64359463
64434416
64404382
64434283
64433606
64442668
64431445
64436470
64389669
64457023
64342766
64428940
64420006
64292850
64343799
64433783
64366607
64375953
64404938
64387799
64399309
64364643
64416799
64312156
64385275
64418368
64364547
64417882
64369622
64397428
64357715
64379217
64340389
64434364
64307634
64335837
64377560
64362452
64376086
64436357
64452429
64260440
64267840
64425595
64376926
64418384
64424140
64410685
64439604
64409812
64435684
64306257
64396389
64397156
64362357
64324074
64390089
64415305
64333989
64435836
64308160
64374934
64436341
64443978
64401400
64350039
64322734
64374539
64389582
64358425
64448591
64414942
64440322
64350154
64435682
64408593
64357329
64397590
64436105
64358606
64426512
64441929
64349133
64408559
64446324
64437986
64293217
64450282
64344322
64346646
64440332
64330536
64431616
64319595
64435414
64445373
64389472
64418644
64317341
64370404
64271531
64442770
64407873
64365997
64346961
64342583
64417925
64347954
64361219
64409808
64351733
64428592
64425277
64298187
64397648
64338580
64411266
64300958
64435620
64335119
64325444
64405115
64375365
64324739
64389464
64341838
64397399
64330678
64435461
64360761
64406002
64400358
64453783
64451008
64437159
64438704
64427574
64375532
64390028
64328751
64370215
64371318
64444361
64436092
64311050
64384376
64298084
64393120
64411891
64451068
64334728
64435800
64376567
64412014
64376103
64356459
64430337
64390981
64413214
64435913
64345742
64329725
64429981
64435661
64349177
64446737
64349988
64376767
64451432
64365448
64440054
64398633
64457623
64365135
64311944
64419802
64315132
64436318
64392677
64435500
64299291
64436329
64365093
64337411
64390093
64453425
64371412
64338023
64374648
64380327
64442100
64442575
64366194
64362076
64385877
64387142
64397437
64422856
64449782
64436124
64310085
64454540
64364564
64405051
64444217
64393793
64449352
64348830
64415888
64459164
64347154
64346268
64334182
64356786
64381155
64401899
64306724
64416559
64442677
64397859
64423325
64400836
64383076
64334540
64455999
64332642
64454418
64397113
64324373
64297543
64323451
64436152
64388219
64320280
64348557
64438097
64295476
64436487
64441965
64372257
64349252
64385794
64428417
64327035
64437327
64438112
64405663
64338945
64416286
64458284
64369520
64437711
64348709
64436522
64383348
64418126
64415885
64418424
64415048
64341531
64450221
64389456
64312478
64329532
64324033
64436862
64401798
64437043
64421556
64376362
64336921
64412505
64379210
64347278
64359499
64383794
64376478
64342863
64450068
64348236
64409238
64430085
64295097
64448124
64445007
64368905
64338671
64360043
64347804
64380532
64364282
64419614
64344950
64429071
64392502
64386944
64334198
64344422
64349964
64321883
64406007
64411890
64416296
64428400
64383748
64277260
64427252
64387367
64363942
64318777
64424104
64342838
64460274
64440294
64397734
64315796
64348412
64374772
64437235
64429340
64432728
64368268
64325792
64294875
64357522
64398654
64365142
64424906
64388105
64332916
64308412
64444072
64365229
64295422
64363443
64423827
64384964
64408136
64408923
64399323
64337742
64384125
64437457
64441999
64397429
64324163
64366518
64437396
64344131
64383724
64325728
64416351
64362373
64454157
64425655
64374533
64394576
64450053
64455925
64437987
64369424
64376880
64446572
64402789
64335889
64322966
64416851
64412592
64425219
64312261
64335490
64358399
64319667
64438568
64411537
64451538
64414902
64360673
64438568
64411537
64451538
64414902
64360673
64428795
64412460
64416200
64338727
64446994
64437451
64437565
64384877
64320506
64418095
64367450
64301719
64420161
64341317
64438149
64345487
64297599
64438135
64438046
64400169
64356454
64383987
64405981
64398258
64436182
64325490
64344994
64420760
64411585
64452385
64421613
64419145
64402744
64414069
64348188
64347846
64443381
64359988
64362731
64370672
64328569
64448261
64434275
64431455
64373411
64360837
64364756
64419715
64347222
64381343
64309013
64332942
64357299
64388023
64325795
64309632
64383863
64385048
64307666
64306194
64360437
64372102
64399376
64298317
64377668
64332676
64432603
64305930
64423992
64437449
64430010
64391309
64326869
64454688
64369467
64430455
64415552
64374416
64445043
64344046
64427692
64376503
64454446
64383861
64357639
64382846
64364749
64394419
64449952
64376591
64389460
64450715
64400795
64367108
64379390
64397413
64410866
64456925
64389511
64396628
64362868
64418891
64421602
64345526
64383611
64383603
64431045
64415221
64379656
64349306
64429669
64411082
64418580
64302056
64316318
64361038
64325664
64342355
64372579
64438595
64426736
64348427
64380127
64379177
64449423
64438503
64342433
64388500
64334668
64404770
64377413
64388837
64362238
64315378
64328193
64405731
64422258
64449438
64348326
64381799
64442749
64299364
64383770
64426213
64386892
64371108
64452873
64437726
64338076
64312204
64331036
64330662
64414960
64371690
64432021
64418898
64416131
64338320
64382887
64334680
64394241
64311688
64333605
64374754
64394761
64359523
64425090
64347644
64313779
64345641
64367876
64377017
64365623
64343461
64365525
64422723
64397587
64322023
64402075
64414972
64403436
64359115
64429848
64458425
64306385
64365748
64358393
64415453
64437736
64388793
64327009
64418666
64335036
64392648
64349124
64396488
64383467
64349277
64360337
64411636
64296135
64378997
64452766
64369135
64413604
64408266
64426240
64448097
64372332
64357256
64428376
64340440
64431241
64335871
64366425
64386846
64343367
64360472
64401924
64425173
64421534
64429985
64351382
64362223
64406320
64347337
64372590
64428240
64380567
64377703
64349335
64426952
64339906
64379208
64379720
64416666
64320177
64397602
64435733
64438335
64432453
64402553
64295567
64422806
64343780
64364928
64361474
64379183
64381189
64349668
64347978
64339740
64389237
64300379
64344078
64384632
64359897
64392080
64383476
64383989
64361306
64366647
64451349
64396048
64333136
64422499
64416349
64453507
64388983
64382221
64384369
64365304
64376313
64297673
64404126
64400938
64347470
64337160
64380537
64334948
64393252
64383695
64412882
64380675
64295856
64375382
64339759
64367516
64329233
64349629
64422646
64455324
64396771
64438761
64337731
64411521
64375346
64372769
64395307
64350720
64318192
64341468
64308541
64366701
64359477
64389807
64394795
64373579
64380766
64375973
64342787
64351345
64381007
64446376
64451271
64445901
64455923
64377804
64337353
64460282
64405524
64363282
64345785
64416986
64400057
64397999
64345915
64394422
64381616
64392093
64370856
64443115
64346910
64334630
64365322
64448447
64428889
64375155
64357318
64378396
64357456
64414744
64360552
64390240
64360226
64427500
64393316
64422507
64419924
64383827
64355940
64338266
64360237
64382633
64387091
64369603
64346611
64300042
64342235
64348229
64393486
64425335
64394119
64360856
64389777
64452535
64368523
64401705
64359719
64455180
64401254
64366733
64446615
64342203
64404092
64397261
64404241
64365108
64376770
64334554
64358127
64301117
64334386
64444128
64391229
64373366
64411843
64385756
64416369
64395170
64384047
64396830
64384305
64328985
64440058
64451528
64367687
64395798
64328995
64367455
64408356
64360690
64345032
64429878
64306588
64306588
64370858
64394476
64381099
64430983
64415312
64452380
64305804
64347971
64391209
64426587
64433977
64368340
64425319
64365045
64398468
64431846
64381629
64380520
64415276
64373692
64339810
64428364
64416800
64422424
64365594
64440236
64405668
64451595
64347061
64390184
64457799
64427029
64373742
64418185
64330108
64379713
64372119
64361860
64324670
64363271
64446435
64411861
64329749
64376373
64404292
64412352
64441948
64313015
64376835
64398706
64358589
64421674
64427822
64348808
64391092
64413318
64434586
64320404
64351642
64383496
64398859
64405363
64440396
64404804
64371333
64357700
64457783
64357752
64359159
64331963
64417152
64416477
64396664
64362682
64375337
64341025
64379248
64405479
64368563
64389333
64339900
64409903
64317378
64421967
64359131
64368006
64388959
64370127
64391457
64419815
64417143
64363219
64439792
64342721
64423045
64363511
64339346
64440098
64393853
64402125
64377365
64392250
64405461
64391441
64392206
64380951
64429930
64368104
64380672
64362610
64453127
64310843
64419038
64386346
64420104
64413346
64418264
64426833
64369092
64411705
64364475
64457637
64384841
64339538
64378754
64427872
64396779
64298888
64329863
64395813
64338436
64425499
64428404
64380235
64400854
64408587
64379506
64454500
64376739
64332772
64397660
64426184
64413836
64409917
64413140
64333324
64359316
64439807
64360538
64351584
64328813
64342902
64416093
64427217
64373383
64376608
64325768
64337100
64374908
64400822
64350157
64357603
64331588
64411014
64357440
64428239
64443909
64428587
64365358
64375484
64344143
64332687
64430592
64427378
64453119
64385887
64452272
64371290
64401566
64424328
64426930
64380403
64398767
64324937
64383625
64389097
64359980
64418900
64441500
64346742
64322144
64449476
64416939
64450176
64454744
64414190
64370996
64426479
64347202
64424041
64373426
64384248
64379437
64388537
64397269
64359220
64380607
64440198
64370827
64381440
64385806
64375543
64408872
64431019
64338573
64338998
64356817
64441859
64415606
64344466
64360910
64397573
64428636
64359520
64386130
64411852
64333546
64430051
64428740
64448292
64386653
64424875
64415452
64424936
64393077
64336419
64431227
64389048
64392868
64307061
64395089
64409279
64331972
64386064
64455450
64411615
64310318
64424603
64411817
64422251
64389878
64452704
64427112
64372106
64389963
64371529
64457126
64399298
64360854
64410017
64349488
64426429
64365178
64402066
64400676
64359666
64392980
64416367
64459109
64458543
64370679
64381081
64422496
64368806
64455941
64455376
64387839
64339634
64364603
64435690
64425687
64356053
64442162
64349748
64385650
64370155
64433117
64334244
64395814
64450910
64339300
64454752
64394428
64414615
64396540
64328525
64411849
64309318
64400829
64421977
64364621
64425000
64416479
64399940
64349453
64385546
64359668
64421949
64370821
64397230
64394661
64381463
64405732
64404416
64448537
64424071
64330237
64428072
64397183
64364589
64421976
64452223
64425572
64444102
64361465
64366956
64361757
64413345
64396476
64323617
64399335
64419704
64444029
64418055
64360562
64376528
64370267
64454305
64339090
64424436
64391911
64424196
64417962
64425127
64390979
64419054
64351205
64398140
64374454
64440276
64360263
64426666
64395166
64451610
64410535
64413344
64422450
64356060
64418596
64418596
64453721
64433888
64432580
64389165
64399773
64453328
64345426
64362383
64369227
64362383
64369227
64453135
64362257
64305831
64424897
64424469
64411689
64432933
64458549
64458549
64402916
64396146
64390688
64328887
64340501
64389788
64408410
64298876
64411848
64411848
64436122
64412751
64412439
64412771
64346558
64451119
64416048
64379888
64446479
64405246
64394434
64420092
64398398
64368030
64416409
64448143
64412396
64418752
64408544
64350057
64410303
64346453
64413409
64414988
64365122
64309975
64423743
64446181
64314174
64407157
64408797
64412276
64306725
64348716
64348601
64375434
64452634
64397311
64301821
64391423
64383260
64390108
64405661
64459016
64413030
64373950
64418336
64360088
64414787
64432423
64430011
64433331
64400735
64431389
64414777
64329822
64339578
64448315
64418739
64342975
64394683
64409794
64421044
64455966
64390640
64372919
64421801
64417120
64348490
64407718
64406746
64342742
64368430
64425632
64392029
64406206
64337724
64459050
64430946
64413914
64343415
64413062
64393971
64369932
64405044
64416922
64419170
64363891
64386933
64350425
64338754
64411418
64425067
64415067
64345858
64372360
64387713
64332415
64419066
64347110
64368987
64319911
64430760
64440731
64389242
64393965
64384978
64383694
64374342
64337129
64383759
64356463
64406234
64426559
64420054
64402152
64409030
64334718
64369876
64409929
64404240
64409790
64443873
64411151
64424329
64393944
64400389
64415613
64384721
64419728
64309636
64331640
64411454
64415874
64424111
64389730
64408065
64428639
64428549
64412003
64419394
64389989
64398841
64423446
64393994
64423896
64444650
64444857
64404492
64385822
64343118
64330775
64344082
64420260
64384985
64421387
64359864
64334550
64448001
64366045
64404310
64450903
64447749
64418863
64434686
64379811
64421370
64454663
64417275
64442673
64429320
64417987
64367716
64394770
64442958
64342392
64429268
64397551
64400533
64425630
64420505
64374371
64451104
64414265
64428012
64320687
64418819
64453571
64416929
64402988
64411569
64390137
64366854
64334387
64447716
64407086
64416969
64452476
64374355
64421407
64419785
64401091
64424894
64403389
64424543
64446751
64343542
64412174
64382531
64424101
64384087
64403739
64427682
64334383
64448690
64337486
64397910
64403565
64428261
64426542
64409987
64376898
64405770
64360439
64442180
64431567
64387053
64397589
64424974
64402216
64343335
64447070
64458323
64393229
64397924
64392909
64395514
64409169
64452229
64442939
64310969
64433746
64415091
64414938
64371124
64434088
64427944
64359145
64369650
64376452
64421900
64411373
64443966
64301383
64453819
64387953
64412010
64403203
64348747
64409195
64405058
64458653
64413097
64397639
64314511
64331836
64440020
64431252
64424124
64457018
64407780
64340610
64415435
64411850
64419461
64430384
64423072
64385086
64442834
64444268
64446448
64431202
64339097
64396543
64310358
64394326
64388055
64445015
64364967
64342988
64357772
64408866
64401568
64366597
64384357
64434124
64448021
64408295
64398000
64415980
64390542
64455922
64428391
64413807
64363139
64361100
64456944
64363130
64363436
64390712
64379431
64425866
64444911
64416743
64415050
64379686
64413492
64411972
64347243
64454672
64389763
64446110
64307092
64447039
64421995
64389921
64446983
64453786
64381245
64456034
64413091
64430325
64432664
64417464
64434132
64429882
64398266
64443117
64307524
64315118
64419550
64319628
64343520
64415725
64454551
64422412
64403745
64427858
64395606
64428319
64408173
64454647
64425367
64459134
64459961
64404145
64391158
64392459
64405124
64446087
64437964
64422026
64361013
64300751
64440783
64456664
64412773
64348296
64429700
64423944
64388409
64381837
64433929
64424874
64399604
64341013
64415886
64411034
64448736
64449521
64405033
64413402
64411155
64391112
64457837
64312398
64428728
64452775
64388460
64433169
64454698
64452310
64368728
64370090
64424699
64375108
64453378
64375241
64335063
64440263
64364230
64397535
64337553
64419351
64428343
64384557
64432895
64334574
64423364
64346523
64423103
64454208
64402941
64336661
64422380
64404482
64413174
64371919
64321685
64397140
64371242
64428590
64432617
64406491
64360157
64398159
64452168
64430808
64408720
64440043
64409015
64392672
64454711
64427511
64419932
64379908
64339531
64401653
64428228
64433410
64356444
64401178
64442627
64373953
64449365
64445152
64396057
64456650
64425378
64425378
64419752
64402421
64418672
64427611
64358764
64357695
64428060
64357482
64323910
64323910
64425835
64402911
64458519
64399429
64401814
64416174
64409840
64401026
64407007
64407007
64442825
64415891
64424881
64381979
64403409
64402072
64359124
64376012
64412968
64416547
64410791
64357975
64457747
64409699
64433567
64429642
64376214
64405713
64406715
64411546
64402441
64390154
64423456
64430062
64433883
64415386
64397946
64390406
64430092
64428604
64440128
64399465
64413270
64400635
64417791
64449158
64401422
64415578
64441363
64424005
64393422
64394391
64431196
64422078
64415349
64383999
64433811
64396065
64407676
64397717
64443423
64392024
64444605
64398445
64443158
64421787
64410133
64398260
64426279
64385666
64418905
64433759
64398585
64398971
64406117
64454893
64386402
64430594
64438095
64425183
64417202
64444796
64356409
64433892
64431319
64409539
64444778
64423871
64431054
64400787
64428108
64413644
64448390
64428809
64443974
64410197
64409193
64444912
64401489
64412306
64445932
64442530
64392641
64336487
64408041
64405030
64448072
64416919
64393863
64393927
64443433
64390566
64414097
64404019
64356518
64430013
64371361
64403742
64412604
64347010
64454608
64427054
64434411
64425793
64431161
64404930
64448199
64449953
64397422
64433466
64416729
64424505
64403857
64396676
64459765
64453467
64394026
64408932
64427637
64444030
64429126
64421691
64415490
64458970
64393839
64431221
64443591
64431245
64451533
64457376
64412757
64428185
64449892
64441139
64417975
64444856
64428848
64458974
64459051
64460360
64424771
64433036
64405388
64452501
64393174
64428280
64449642
64396827
64425766
64457804
64429186
64404114
64430056
64440167
64452659
64440256
64409289
64424076
64366501
64401348
64433819
64452406
64398817
64426727
64385987
64449943
64406084
64432408
64428272
64437537
64402006
64459187
64419222
64431197
64433890
64427659
64435285
64436775
64450213
64408914
64405669
64392342
64421018
64443885
64408583
64418541
64424563
64436730
64436178
64439113
64398580
64403245
64401168
64438864
64434716
64421378
64407970
64388937
64445957
64438284
64397538
64435613
64393909
64434388
64434040
64391317
64454621
64438013
64444291
64457852
64435617
64405469
64435202
64449794
64437243
64433400
64408443
64395455
64386035
64407066
64439910
64430606
64456900
64421511
64384150
64436599
64419867
64407880
64388384
64433446
64446801
64436343
64420343
64412784
64386407
64413539
64435118
64435142
64433818
64430881
64389773
64437734
64396937
64433430
64439591
64424439
64428000
64385863
64439382
64425358
64416880
64410842
64414919
64435924
64439740
64438510
64403474
64431277
64433915
64397447
64435398
64433449
64406131
64410168
64436126
64435302
64434055
64398754
64433202
64438171
64436338
64384292
64405519
64428454
64455577
64446664
64448393
64454731
64396419
64433438
64436334
64419763
64435958
64404161
64438537
64449801
64435598
64436509
64436141
64436419
64452727
64455249
64425586
64446770
64434975
64388063
64451583
64411477
64434120
64389400
64437295
64435196
64448780
64435042
64436339
64451646
64394063
64456099
64434940
64401077
64447060
64433901
64441880
64442395
64445645
64412437
64431886
64444987
64435218
64399884
64436601
64431134
64452886
64402594
64438079
64443126
64421646
64435494
64428706
64390926
64437497
64434594
64394034
64385852
64440163
64437956
64396797
64384597
64436378
64439608
64422423
64413948
64413229
64456062
64406730
64421541
64403823
64394604
64391211
64391425
64434221
64459452
64403746
64389299
64424918
64407801
64387718
64408193
64436313
64395397
64406252
64453157
64452297
64427196
64388048
64436042
64426955
64400831
64440541
64437593
64444808
64436156
64454150
64432792
64456818
64385229
64386637
64436426
64384702
64430177
64384863
64436505
64451437
64439695
64404531
64425446
64416821
64439325
64445910
64438941
64407072
64428013
64450894
64432635
64448422
64425433
64455080
64390096
64437296
64455080
64390096
64437296
64450188
64427055
64437494
64449478
64393646
64384275
64430486
64416488
64453344
64437548
64415467
64438201
64408108
64427631
64384026
64434543
64432672
64388709
64429702
64453601
64398058
64395046
64438133
64387057
64449844
64452142
64408373
64439103
64430730
64424677
64419290
64451388
64412517
64402171
64439462
64430100
64411380
64383693
64450133
64390819
64452434
64441770
64442463
64386868
64409018
64444630
64386265
64395678
64431025
64432934
64419210
64393005
64439682
64391473
64405468
64385292
64430305
64440490
64408242
64457175
64411387
64448722
64436346
64409826
64400904
64404978
64404331
64402145
64456159
64393593
64449491
64442412
64442000
64437461
64411194
64384687
64413542
64411602
64453025
64405295
64385674
64427561
64392241
64404759
64384295
64426984
64392487
64433629
64395036
64459966
64442797
64401886
64446377
64412871
64408700
64412281
64446214
64423208
64426734
64418146
64391669
64400259
64401751
64413023
64421058
64437944
64450179
64413640
64422562
64442311
64412685
64459112
64405870
64421192
64438399
64385407
64415463
64389672
64438701
64388328
64389766
64437894
64455412
64406388
64398820
64449609
64388533
64403170
64440171
64426645
64398197
64438401
64388341
64448652
64384137
64458495
64405824
64416945
64408930
64385695
64431352
64437940
64415922
64439542
64427995
64440046
64448726
64410126
64421746
64451033
64441708
64442126
64406204
64421254
64420735
64429811
64416712
64452736
64391782
64451169
64433053
64427374
64385074
64402897
64410699
64424302
64413328
64388642
64401807
64396958
64452540
64444347
64421322
64407937
64396573
64408088
64413701
64416203
64424326
64390032
64424775
64425521
64397134
64400575
64398943
64412165
64440080
64393626
64453509
64413514
64394206
64390181
64457807
64450007
64446819
64420087
64405503
64409291
64457848
64441054
64428200
64410042
64451711
64392453
64452792
64398476
64411803
64451244
64445093
64448361
64451258
64407451
64416484
64458544
64397150
64392082
64451148
64437759
64447069
64439993
64456183
64404622
64426291
64410638
64453573
64434062
64392503
64449955
64438927
64448067
64453432
64418944
64432786
64408971
64388905
64442174
64392104
64422230
64413289
64425611
64400806
64444929
64431178
64449538
64421444
64409029
64422677
64385585
64449384
64450237
64401623
64416545
64408581
64384030
64392742
64398549
64414675
64389641
64446075
64451239
64459660
64386120
64416003
64434419
64385201
64447832
64440129
64401627
64418049
64401679
64410863
64456135
64440766
64450360
64402814
64428997
64419533
64452274
64406893
64430355
64404253
64427573
64448741
64449632
64431047
64434507
64415907
64393697
64457441
64424442
64389801
64449586
64452934
64409242
64414905
64411994
64396114
64397888
64412552
64398930
64423627
64383615
64430267
64426424
64398830
64414853
64409394
64419070
64425245
64398948
64454226
64451063
64419540
64410185
64387947
64452557
64399086
64416115
64428128
64394703
64409942
64414544
64444230
64394135
64450029
64428616
64433925
64387523
64430147
64410542
64443356
64445537
64444748
64449785
64398053
64394182
64411297
64405114
64455981
64447559
64443986
64386056
64408878
64409025
64455022
64397398
64419970
64392884
64399493
64427260
64421698
64398027
64442875
64408291
64449529
64387738
64442091
64400034
64428754
64426917
64447750
64454416
64417911
64450182
64402632
64400883
64458987
64458987
64429657
64403117
64440521
64457075
64415943
64428544
64411974
64418869
64419744
64418869
64419744
64430071
64413079
64410253
64394954
64442187
64423715
64393382
64384260
64384260
64400375
64426967
64432942
64432690
64388688
64401707
64407462
64458563
64457777
64407462
64458563
64457777
64407015
64451199
64402638
64401443
64452312
64439938
64459266
64397049
64395231
64391770
64427828
64387432
64425068
64406521
64402944
64388323
64459120
64444074
64389529
64401144
64449463
64449882
64449812
64396667
64390676
64456760
64452614
64451695
64444781
64404928
64409696
64428513
64385808
64448134
64403367
64431057
64430840
64428542
64426553
64412959
64442378
64457811
64397690
64427548
64409902
64411704
64422453
64448056
64414550
64455920
64424886
64414882
64404223
64411617
64452390
64412198
64448654
64398460
64419250
64457197
64412573
64418927
64385712
64419308
64423762
64402324
64404212
64432600
64451206
64421980
64407969
64449741
64443967
64422086
64430317
64386030
64424297
64452128
64410071
64431571
64420130
64415273
64427301
64397576
64456162
64418615
64401181
64452887
64441745
64390862
64453906
64450121
64444179
64425401
64441324
64412344
64383539
64429971
64418913
64454635
64393629
64424239
64397979
64448709
64388248
64433246
64430615
64400184
64419743
64413613
64457773
64384710
64412287
64408398
64419515
64420454
64422376
64448759
64448004
64410675
64449431
64427419
64427461
64455955
64416754
64389984
64442172
64456759
64402404
64415751
64401842
64446410
64390347
64412747
64388056
64418038
64433634
64414944
64412647
64411714
64432208
64448433
64400803
64452000
64446476
64412279
64428531
64424098
64418022
64431863
64398261
64449689
64408293
64401431
64401854
64392438
64459789
64445984
64401066
64454574
64448558
64449802
64441585
64460205
64455062
64416146
64440214
64430078
64440480
64415881
64384719
64426968
64398386
64409962
64402417
64430588
64441314
64429980
64425218
64453392
64412556
64442060
64452455
64444261
64442902
64401237
64419401
64432539
64445812
64422395
64384471
64413003
64413490
64425900
64412332
64454710
64432705
64429354
64397585
64452231
64422067
64390029
64428649
64449582
64415049
64450198
64402550
64419360
64396465
64422579
64423825
64390947
64404699
64414844
64448589
64453580
64404832
64384611
64384787
64421758
64429536
64451159
64397459
64418846
64392988
64417899
64421309
64396773
64410725
64440233
64422927
64402222
64420475
64427135
64427398
64426922
64442581
64424429
64426277
64412992
64404693
64418932
64447040
64399744
64410705
64433865
64401074
64446289
64457605
64422937
64447438
64412855
64453352
64430635
64444160
64416551
64408882
64415693
64446993
64445938
64459294
64424136
64423472
64402719
64459870
64414323
64418982
64441703
64416423
64453431
64453508
64440096
64444062
64423347
64424352
64432288
64452594
64452742
64421547
64409472
64458355
64449639
64397548
64457584
64411983
64425530
64413468
64450229
64430399
64430847
64455444
64424431
64430023
64456793
64455409
64416439
64440623
64446041
64416566
64419270
64458497
64418908
64448679
64428292
64446272
64408535
64393807
64443175
64400330
64407108
64409996
64414891
64455040
64455165
64412385
64392520
64413078
64453561
64445905
64445041
64430909
64421803
64412788
64417508
64401859
64432948
64424425
64427069
64454439
64445977
64434136
64449957
64448914
64428485
64453408
64388554
64450713
64442076
64402260
64460259
64424368
64432633
64431987
64443120
64413016
64418630
64419607
64424831
64423165
64413547
64442661
64445457
64407945
64397004
64433348
64415424
64404197
64404237
64454659
64429308
64393878
64457123
64427462
64433878
64409096
64421580
64439982
64433878
64409096
64421580
64439982
64389928
64417577
64453640
64424933
64390189
64459107
64459107
64459255
64442739
64424892
64401967
64419011
64452897
64459637
64447822
64405511
64415176
64418065
64421010
64446450
64392045
64417242
64402257
64396881
64388760
64425662
64409068
64451164
64422057
64431654
64419853
64445237
64422012
64418826
64390147
64410217
64402317
64425936
64453449
64442706
64455105
64432394
64448196
64419386
64460273
64460353
64426470
64456895
64430332
64390042
64421508
64458441
64425361
64390021
64431526
64427472
64418265
64405266
64459011
64419953
64400368
64433531
64423835
64397872
64410109
64452416
64401650
64454251
64415572
64401289
64397103
64417030
64429279
64408272
64413637
64422735
64413302
64394867
64421187
64405685
64434039
64429935
64425215
64428065
64421397
64431339
64447804
64429447
64392223
64443204
64433196
64453953
64421260
64414564
64389049
64455028
64396559
64422684
64450233
64430738
64426625
64430890
64424844
64405696
64429834
64457891
64416875
64431443
64453542
64417995
64416856
64432486
64422069
64451625
64414379
64402807
64422109
64430828
64421982
64441977
64410921
64418792
64443889
64396712
64458533
64428653
64420767
64422354
64452841
64454429
64416849
64457815
64444204
64419431
64413631
64451240
64455448
64446943
64454463
64416857
64460359
64459858
64442568
64419920
64448293
64446583
64433656
64448112
64455594
64441973
64428222
64427092
64423339
64444196
64421731
64431512
64433007
64449992
64443654
64449321
64424513
64448487
64459769
64431905
64399540
64459954
64459546
64428515
64314905
64453286
64376653
64433060
64424372
64446663
64415844
64455973
64385759
64442072
64432499
64457537
64346755
64396213
64447852
64404650
64371016
64346338
64310488
64404929
64326412
64385235
64257522
64436254
64388077
64402179
64436560
64453603
64437228
64318585
64308996
64449658
64439211
64452691
64327576
64442819
64259415
64417931
64335308
64431484
64436819
64262942
64334404
64448354
64275252
64434584
64291762
64449053
64392895
64437566
64327387
64367535
64347001
64410608
64435792
64435134
64376118
64459124
64449389
64435484
64329257
64311469
64442667
64386325
64346894
64440172
64383327
64414602
64411527
64383235
64340502
64339884
64383487
64416692
64369840
64366149
64385190
64346102
64408012
64334598
64366619
64363263
64338288
64429143
64329471
64317422
64361585
64319267
64388024
64402396
64325704
64317547
64416844
64443409
64439941
64341393
64348258
64301232
64421616
64333007
64450621
64362444
64347449
64362674
64421578
64367191
64441384
64401911
64347549
64408109
64366628
64433142
64381784
64368218
64453448
64395650
64362317
64398282
64393458
64458377
64439599
64392647
64443130
64440344
64412215
64424837
64420762
64389688
64401985
64419869
64401491
64347938
64404611
64380468
64424356
64452836
64404544
64424387
64417945
64454426
64433987
64435133
64385732
64434037
64435833
64393673
64416398
64389876
64424499
64390604
64454390
64385092
64434131
64392568
64436148
64449047
64453735
64438939
64444400
64399597
64416185
64437895
64455507
64410139
64455380
64385564
64450780
64397515
64416952
64418765
64432052
64412166
64438812
64411723
64409832
64400180
64412232
64438614
64429020
64442492
64429368
64416860
64398048
64398122
64453391
64410122
64433097
64426421
64414728
64453965
64410631
64444222
64405263
64409471
64405964
64431192
64401446
64419240
64453706
64401495
64417192
64421824
64411026
64399092
64423736
64389716
64412055
64420342
64391758
64459118
64397427
64442671
64455405
64449990
64395564
64443261
64410801
64417585
64417585
64447191
64425144
64417661
64452514
64458966
64402014
64428714
64395395
64456030
64390008
64452461
64425122
64449719
64459907
64424768
64425769
64428026
64447785
64423800
64426049
64424343
64441052
64419779
64403635
64402162
64459682
64409636
64438299
64332536
64454263
64384968
64401732
64413337
64344983
64338511
64425227
64413105
64455936
64408644
64445254
64442872
64400342
64422079
64404885
64419280
64394136
64400534
64424361
64298327
64435270
64433736
64344327
64361527
64436032
64408159
64442007
64412495
64420063
64325947
64316843
64442364
64388235
