59334269
61726049
61749896
61317175
61562067
61507748
61508969
61769158
61761096
61771664
61765578
61746563
61335463
61561977
61526847
61511870
61473203
61443933
61497249
61511303
61764686
61639791
61450191
61547380
61769813
61750710
61773401
61756154
61321632
61556184
61551770
61472386
61100761
1000186383
61257865
61469010
61771325
57448628
61303121
61437654
61646455
61317172
61322371
61744145
61535312
61726221
61517180
61450527
61527662
61555542
61726959
61508356
61769752
61349386
59049888
61559040
61515433
61738827
59126839
59108860
61463517
61738792
61519202
61478472
61522599
61722215
61733504
61455778
59671475
61721381
61540854
61754199
61337494
61325882
61528159
61488867
61764185
61244029
61747371
61526668
61735069
61752901
61547537
61479468
61543864
61505919
61535004
61750090
61541940
61444247
61476504
61706062
61722907
61769723
61467263
60516650
61742889
61468829
61770003
61769127
61518642
61356387
61518340
61487260
61337114
61754570
61310859
61723155
61721228
61531212
61706163
61332224
61761298
61509079
61532075
61507895
61747467
61558971
61548422
61007742
61736626
61492844
61493743
59006042
61545963
61770666
61493227
61769293
61222646
61556549
61734991
1000186474
58919765
61531068
61550464
61744518
61770650
61748936
1000186535
61746479
61507701
61560676
61461169
61746669
61637570
61732704
61756616
61535290
61526721
61341649
59380794
61732873
61739559
61683349
61508601
61450208
61625962
61530417
61560109
61737655
61458412
61508683
61765004
61749160
59094700
61548638
61771786
61527387
61349785
61469557
61546099
61492883
61750929
61738528
61747079
61492376
61457360
61739568
60200404
61764708
61517265
1000181789
61502402
61528053
61730889
61771890
61438772
61464659
61736911
61756108
61496271
61536824
61740486
61401668
61542119
61545260
61741445
61502847
61759427
61495085
61743900
58886089
61720522
61752772
61740265
61726863
61741711
61771834
61527382
61765686
55804247
61734901
61489441
61758086
61500413
61728731
61760461
61342903
61520988
61749032
61561333
61772067
61535112
61726878
61520980
61481132
61752420
61747481
61531659
61512644
61469991
61528362
59006452
61561401
61501179
59640273
61552889
61759324
61557293
60310167
1000182135
61551123
61334445
61458209
61511444
61531658
61733799
61734323
61461520
59783864
59012074
61519052
59291526
61529235
61478229
1000186743
61506409
61522268
61353068
61496409
61545851
61745267
61742668
61741626
61751281
61512232
61555276
61538728
61517927
55859484
61506846
61555236
61436085
61738870
61523317
61553943
61524570
61461970
61530894
61477539
61755206
61745663
61436218
61710862
61530763
61480349
61530438
61466468
59090000
61481511
61210683
61560122
61539492
61735391
61754182
61740428
61433542
61560725
61743046
61524568
61557412
61506348
61345647
61750602
61530458
61527453
61511944
61724732
61531692
61505332
61734385
59576206
61353457
61689415
61537887
61757899
61515436
61724595
61763127
61548738
61743168
61751190
61743658
61770042
61316442
61536762
61546282
61478158
61725790
61544982
61745660
61754468
61470045
61665499
61734079
61547534
61563187
61444890
61747057
61541416
61548637
61527000
61773063
61731623
61771910
1000181863
61753654
61637069
61740009
61763180
61506720
61545825
61725144
61509743
61768033
61755300
61531662
61500970
61558109
61748965
61336148
61534548
61748397
61552052
61762507
1000186593
61338913
58980784
1000186637
61753347
61544206
61334340
61748291
61477934
61556461
61530116
61748419
61724669
61744361
61555478
1000182038
61548218
61494770
61731281
61711125
61518944
61771926
60734101
61460238
61731734
61453322
61478865
61229944
61730592
61650579
61500948
61517989
61748603
61747029
61531564
61504545
61464731
61498563
61510367
61727283
61297926
61493245
61741615
61748336
61754933
61555092
61466072
61170657
61556270
61744948
61747436
61744230
1000186384
61718500
61502069
61522030
61769848
61529307
61520425
61740359
61739917
61677923
61530073
61759849
61478464
61733483
61515943
61738010
61722998
1000185715
61152892
61490113
61738801
61756753
61514816
61744724
61537363
61505939
61772550
61765595
61752802
61749986
61353987
61558000
61735167
61545796
61497278
61159500
61520567
61453957
60681569
61558955
61471798
61750992
61470002
61558141
61742316
58841965
61763693
61472469
61764538
61727408
61555534
61529542
61548798
61733897
61743667
61751178
61538258
61525303
1000182861
61526558
61542835
59868057
61744091
61524808
61760619
61516366
61772175
60645670
61518720
61476682
61518433
59678911
61748556
61510166
61771307
61530670
1000182467
61771670
61343533
61729313
61478305
61489645
61495569
61533641
61756344
61745934
61539710
61752291
61530488
61525140
61500574
58831062
61753585
61504399
61500694
61545326
61129287
61726278
61539822
61530844
61500960
61744582
61768476
61535257
61541262
61467895
61726021
61458160
61482853
61743761
61525932
61493090
61753932
61554862
61546689
61713318
61555353
61767819
61756817
61465847
61528642
61422560
61754901
61492641
61761461
61758598
61545009
61495684
60311028
61534296
61741403
61744917
61754681
61758201
61509173
61322141
61535474
61512483
61511667
61549416
61481126
61495661
61731547
61740904
61549423
61444240
61504932
61502337
61730958
61450156
61475176
61522824
61745388
61529381
61767824
61766224
61495532
61490663
61744354
61729877
61769639
59353212
61394670
61517922
61473193
61746675
61587253
61754655
61547722
61487284
61529536
61742185
61737405
61490714
61739747
61531856
61349094
56547797
61537590
1000186115
61325713
61733936
61514682
61675024
61729174
61661098
61508700
61748652
61259037
61733385
60366403
59434050
61544191
61505817
61529602
61562003
61326070
61746873
61725676
61324304
61545524
61739987
61556041
61743079
61512786
61531880
61723627
61747735
61527239
61537465
61771278
61506980
61773989
61666215
61495171
61752831
61752859
61772851
61559347
61480866
1000181624
61496290
61508909
61745611
61739711
61772442
61434899
61506477
61771768
61509293
59095875
61696607
61496869
61518281
61511816
61773478
61728150
61767268
61500560
61757062
61746501
61767785
61745967
61741966
61729472
61512157
61685833
61355070
61728845
61524494
1000182578
61516379
61507287
61748878
59004969
61528706
61748896
61487297
61758029
61550817
61492569
61739027
61510555
61726029
61459227
61527479
61721278
61537536
61522760
61485717
61506150
61761999
61477883
61532922
61772164
61545492
61684537
61332395
61529180
61444996
1000186925
61512642
61299438
61728593
61758101
59940236
61524321
61523895
61742717
61692099
61540170
61508271
61743032
61760263
61534295
61557798
61537975
61685576
61470599
61731491
61741783
61460572
61725731
58645195
61770963
61747960
61531747
61774339
1000186516
61745297
61729380
61755171
61658244
61491055
61450357
61727076
61324188
61515453
61490745
61740459
57968013
61760888
61497259
61522050
61027404
61326083
61529093
61724506
61542388
61748571
61753172
61526017
61534576
61534283
61522123
61742867
61728917
61433744
61480485
61726249
61750413
61744250
61474969
61742027
61758335
61453457
61518246
61535053
61501147
61498021
61527003
61731274
61765850
61663794
61748090
61555191
61501436
61734580
61509296
61289672
61525162
61532200
61526599
61719288
61544824
61512370
61721316
61518094
61560150
61769872
61772857
61500453
61772494
61751405
61476668
61768389
61718038
61533323
61756475
61766235
61745164
61522340
1000182165
58413335
61734114
61738736
61732270
61762725
61546565
61504034
61294774
61772464
61463851
1000181809
61727958
61758223
61315691
61773631
61426821
61509629
61768442
1000182271
61489336
61469416
61731743
61506709
61747643
61532519
61500842
61731988
61736436
61739033
61538665
61754653
61729752
61526605
61769151
61480687
61520169
60056532
61506168
61731843
1000186406
61509552
61317099
61453273
56763027
61489068
61467641
61728694
61772189
61744302
61556331
61736289
61488704
61761960
61545999
61739306
61534595
61539472
61452504
61762193
61423564
61485870
61765516
61736928
61744927
61455380
61541368
61499474
61496169
61736556
61511929
61342609
61725146
61743485
61495028
61744301
61488846
61513236
61603059
61501881
61344496
61476394
61496380
61508460
61467628
61558198
58065631
61351525
61472322
61481119
61721544
61554165
61759453
61734423
61723801
61533707
61719276
61761939
61761624
61337921
61562607
61433188
61767893
61553233
61543073
61524041
61452949
61532347
61745773
61539667
61756037
61515120
60493310
61509249
61529054
61546860
61672649
61537312
61753127
61546084
61754548
61747116
1000186380
1000182162
61772517
61513074
61526807
61760645
61770514
61538976
61476454
61773563
61519206
59449550
61531766
61753888
61554304
61504337
61513250
61543557
61755160
61770448
61513142
61548696
61725697
61307283
61754786
61754264
61531958
61509202
1000186821
61482107
61349797
61736609
61762013
61755198
61741678
61723099
61733515
61768471
61771605
60328367
61343450
61509537
61533044
61759650
61745077
61653742
61530816
61514833
61538804
61768670
61725982
61546046
61754646
61717373
61524493
61536206
61534207
61557171
61523845
61559329
61486009
61721852
61442310
61398821
61542136
61739052
61738503
61523007
61247012
61351251
61525075
61551839
61484296
61733933
61513899
59795644
61513618
61766352
61742772
61739103
1000182541
61510494
61538296
61467707
61497614
56973565
61548868
61770397
61762592
59008544
61527510
61742090
61750379
61441374
61512830
61765307
61503903
61718405
61752447
61545584
58808657
61752584
61742744
61296184
61537348
61513885
61515055
61747168
61516220
61733790
61607461
61548139
61547538
61511639
61613893
61334847
61477694
61337214
61482006
61750072
61524512
61739127
61730821
61739541
61497914
61543713
61737579
61739108
61467787
61552056
61304727
61737743
61030245
1000186476
61736721
61359872
61746697
61508786
61512952
61548417
61543202
61465234
61762124
59831293
61772451
61763366
61486400
61550440
61749741
61734395
61767155
61481247
61724989
61757515
61529287
61561335
61513540
61513553
61756283
59509220
61744929
61357518
61770460
61477800
61530454
61550643
61403050
61504895
61752987
61467570
61741751
61761988
61490046
61511852
61483783
61747205
61510222
61518059
60700399
61757707
61770495
61744963
61467815
61717489
61765509
61739494
58261568
61328547
61749081
61531701
61772592
61483207
61542923
61469969
61759949
61508374
59248677
61502719
61538767
61504505
61452264
61483129
61510901
61386128
61733012
61526813
57989272
61521900
61521048
61461919
61766232
61773083
61539908
61763102
59683661
61763320
61534131
61534870
58538196
61746235
61493918
61493025
61742996
61559538
61766907
60015000
1000182376
61534584
61217439
61733710
61512174
61766304
61530122
61512068
61747686
61491426
61259111
61699347
61742084
60059165
1000186833
61752358
61741608
61731525
61740983
61526196
61769113
61533825
61733360
61549500
61337702
61549984
1000181418
61468962
61552743
61543591
61732053
61497212
60361810
61736525
61772586
61508501
61541268
61398302
61772484
61772890
61771979
61527040
61748645
61485396
61755335
61554880
61522351
61750761
61513306
61340473
61524477
61752652
61730875
61459343
59493116
61712692
61471795
61760012
61320095
56593346
61527554
60681742
61643077
61501441
61530630
61766097
61331928
61764588
61561413
61468521
61736558
61442757
61771151
60680002
61471548
61549471
60698463
61562756
61753359
61674748
61726017
61699587
61489056
61548701
61558043
61524414
61748700
61453212
61532424
61750822
61773627
61741842
61524136
61737126
61508421
61563085
61491436
61349434
61690085
61533987
59312708
60488625
61490979
61480517
61427193
1000186542
61769980
61455293
61460432
61771726
60467620
61356844
61524481
61755570
61744022
60972781
61685140
61520798
61507293
61731869
61763647
61736049
61174905
61312699
61756054
61489796
61505514
61523775
61500028
61499920
61745100
61751603
61732766
61462346
61518697
61611766
61499428
61746844
61742514
61771719
61503158
61760763
61716993
61509798
61073098
61733243
61736303
61753305
61748355
61758479
61524284
61543725
61457796
61522021
61742409
61446521
61474792
61537012
61513897
61400971
61737089
61515673
61722019
59603024
61772865
61766164
61327374
61530565
61523633
60032899
1000182765
61744271
61772724
61328348
61765508
61659260
61509015
61713041
61758359
61771823
61707497
61734375
61750347
61552756
61519294
61759569
61495231
61502303
61482337
61509477
61736326
61497497
61466282
61513809
61763126
61498899
61490360
61772636
61480596
61530010
61760214
61538979
59192352
61342800
61546963
61527791
61749001
61353874
61478636
61740324
61518255
61553383
61718602
61534964
61479216
61759917
61540924
61753394
61712771
61725887
61542941
61742279
61520441
61499791
61557264
61608661
61484939
61522048
61737989
61710471
61534412
61537754
61574061
61748826
61223921
61513855
61743607
61539806
61538586
61730725
61760794
61731726
61521781
61489961
61467028
61506287
1000182538
61530336
61541690
61739497
61355382
61523420
61749057
61488171
61532507
61554379
61756757
61732158
61538954
61552135
61640483
61512433
61560585
61674222
61756384
61497861
61512412
61749118
61513319
59709307
61532292
61544278
61538359
61751012
61538639
61745281
61663758
61764531
61546843
61582482
61554385
59975687
61771380
60313400
61522740
61447040
61754789
61666339
61507421
61772479
61758160
61311559
61754238
61758859
61496425
61355234
61765761
61216955
61769156
61510100
61733156
61734167
61757863
61754991
61752900
61496316
59415021
61437777
61559873
61296651
61741350
61774146
61530686
61397701
61745239
61560946
61548492
61770657
61772863
61420363
61720019
1000186568
61772122
61756063
61533082
61517729
61719180
60548116
61768574
61540868
61551665
61709730
61770573
55813943
61525991
61324344
61439771
59491982
61718410
61750642
61734684
61772166
61752463
61473329
61422439
61227390
61551557
61560136
61474172
61750417
61772584
61674740
61466362
61518259
56794445
61768623
61507156
61748635
61772811
61625041
61521581
61479401
61485371
61760945
61545829
61497626
61542248
61659016
61773427
61728504
61436226
61505712
61446864
61739876
61530422
61731302
61660769
61536931
61551567
61502562
61747119
61503548
61527036
61759344
61529203
61466944
61773898
61452884
61493878
61508982
61728929
61471646
61746666
61555992
61656260
61536449
61467078
61511561
61746457
61328750
61543772
61762040
61523405
61466917
61493578
58715473
61466298
61516207
61772176
61725432
61755900
61556539
61542314
61754782
61440330
61676940
61769159
61729279
61456059
59480759
61757049
61511247
61554220
61745705
61494716
61354139
61498372
61489184
61733486
61504903
1000182456
61693416
61725959
61463349
61464433
61548801
61765688
61562952
61747914
1000186711
61726104
1000186480
61332172
61509465
61534720
61514788
61501762
61462649
61550178
61728688
61468233
61253050
61731876
61727394
58665743
61737392
61723984
61753336
61520923
61485544
61307687
61756443
60317709
61349378
61324114
61327367
61738705
61511489
61515968
61760739
61544119
56600653
61506437
61509803
61509408
61350387
61534418
61738910
61731105
61746622
61505838
61562663
61723508
61498157
61454838
1000186772
61531386
61731113
61518025
61746861
59000836
61707106
61524834
61611093
61522077
61731065
60813338
61550369
61559564
61536096
61515158
61758511
61738856
61540287
61702847
61735301
61738653
61738395
61722507
61744622
61771212
61758710
61763245
61692297
61355246
61742518
1000186755
61464852
61771001
61754396
61537101
60278927
61437611
61481420
61732817
61769816
61732184
61442352
61519230
61759893
61550213
61552041
1000181693
61552901
61726273
61511975
61499247
61753309
61761143
61735805
61557883
61741276
61734408
61737348
59531126
56785264
61519708
61628567
61469946
61527685
61521960
61512969
61753353
61494407
61762174
61742623
61720532
61528073
61475657
61512110
61491374
61735112
59704601
59806166
61754491
61248661
61766923
61740876
61494590
61647850
61538617
61754976
61552086
61334289
61759295
61503899
61557256
61771203
61479627
61723279
61746677
61723689
61696151
61523446
61769711
61476532
61504671
61753449
61552939
61771258
61508946
61649992
61548753
61770431
61720033
61323704
61508338
61662314
61446693
61728891
61765680
61499304
61520895
61737107
61747779
61509388
61516091
61530379
61532949
61747287
61322155
61768040
61733392
61463484
61469439
61743922
61531951
56784104
61747860
61555390
61767189
61749946
61737142
61489638
61545468
61741186
61747752
61622006
61741126
61754975
61771059
61528262
61531571
61770721
61542886
61509261
1000181504
61769947
61494135
61513312
61340489
61749245
61481224
61515201
60659949
61750489
1000186451
61338938
61728334
61541250
61174763
61766894
61504739
61535211
61772440
61466363
61723168
61352300
61756750
61749078
61500098
61520699
60756477
61504267
61539139
61468176
61557055
61523719
61465641
61527189
61666140
61759222
61330244
61494339
61771113
61761004
61766508
61658034
61525958
61544112
61524966
61462027
61747766
61730724
61512826
61548921
61355913
61733898
61746001
61499893
61509564
61695592
61357719
61503127
61761957
61708251
61471861
61726168
61355833
61526166
61742218
61726933
61760036
61287134
61346945
61490630
61515292
61556387
61736099
1000182116
61298503
61761967
60690142
61539146
61552084
61738920
61682763
61521412
61736085
61464922
61725527
61712410
61560895
61545239
61738185
61744246
61522162
61550323
61721649
61527836
61747208
61691435
61315366
61753544
61695523
61433314
61295245
61743790
61560990
61528265
61465077
61483377
1000186432
61504425
61549029
61351073
61539635
61740133
61726462
61442927
61474425
61417738
61748084
61739068
61732085
61336017
61543481
61515199
61741229
61758838
61751329
1000181481
61686712
1000181995
61762291
61741837
1000186278
61750196
61327792
59010804
61738952
61536545
61737965
61748983
61740639
61299443
61346362
61739759
61734762
61748650
61348745
61345216
61546525
61771195
59500694
61736637
61731926
61737409
61727024
61505926
61672831
61501108
61552523
61547695
61351395
61491281
61727905
61476138
61476274
61556218
61528548
61476810
61515573
61505547
61753174
61618750
61328552
61479286
61746071
61748406
61557254
61755046
61319828
61759087
61470221
61487096
61484483
61645610
61326370
61695365
61481845
61558828
61530082
61511671
61496401
61511646
61517634
61520983
61554600
61555125
61560708
61481109
61480775
61322034
61741991
61549387
61511749
61742724
61503945
1000182268
61464558
61556046
61562097
61742120
61524627
61459287
61751996
61743769
61531740
61349822
61483537
61738477
61767953
61484929
61517233
58836406
61742904
61739346
61683605
59460509
61551798
61017628
61524998
61501653
61508999
61731596
61748335
61552174
61475870
61475892
61763802
61421802
61352345
61544910
61751639
61767966
61734037
61164569
61485130
61739894
61484313
61755259
61532986
59706932
61731264
61762332
61516937
61513484
61468319
61424686
61771351
61769322
61748303
61544548
61508590
61331957
61534093
1000181257
56603213
61738250
61755374
61535028
61532917
61746531
61748604
61507920
61469048
61414813
61497943
61555129
61460587
61540795
61737705
61499793
61504072
61741988
61761262
61495037
61769274
61745184
61563037
61743856
61485714
61743456
61745803
61523309
61741537
61520105
1000186401
61754931
59635697
61543037
61746175
61752110
61557244
61561985
61474488
61543776
61293637
56603414
61763510
61525217
61457499
61469898
61237890
58728127
61761236
61467591
61337904
61515906
61543508
1000185865
61294001
61733713
61759491
61469497
61508703
61533059
61730885
61547883
61481644
61462531
61507556
61324580
61750682
61490738
61749854
61749590
61493885
61551953
61314579
61718669
60782024
1000182275
61457214
61520341
61750432
61742770
61746667
1000186372
61753075
61743760
61531498
61772897
61481483
61512992
61511105
61457143
61515505
61749014
1000182047
61763435
61759458
61474902
61533209
61742815
61534532
59684946
61722201
61508994
61452969
61766463
61772046
61532294
61548510
61730740
61538702
61555164
61763428
61541671
61554138
61542821
61507940
61594924
61757393
61739506
61513987
61772238
61353838
60442228
61731495
61746282
61323452
61511519
59377330
58779736
61532918
61755014
61447802
61749205
61563050
61743841
61548636
61342643
61490890
61768422
61525825
60707894
61735404
61519060
57957529
61558165
61514716
61750966
61518796
61553132
61720171
61767982
61494979
59010202
61534884
61746307
61770881
61546213
61537748
61471664
61756848
61476310
61730915
61737354
61494465
61736182
61523941
61501036
61747972
61538226
61530427
61562968
61529139
61767889
61745936
61740024
61756569
61763543
61232472
61508744
61461745
61773270
61500719
61545861
61477942
61545234
61706224
61720015
61482684
61504870
61750720
61462107
61541840
61760157
61495875
61526855
61755304
61728773
61497590
61514639
61732337
61742089
61521352
61545917
61526919
61772956
61494051
61509059
61524986
61739163
61728070
61470225
61469447
61563009
61539745
61269398
59099405
61504830
61496001
56620856
61250102
61497499
61546315
61508900
61289131
61759204
61735528
61459864
61492081
61509792
61523690
61339225
61539213
61545608
61532627
61512066
61727626
61733639
61728281
59414303
61537206
61001828
61558588
61770293
61506490
61738762
61545915
1000182828
61489425
61719513
61521924
61535534
61450249
61314144
61394586
61479108
61727373
61506525
58548840
59714642
61529415
61718861
61439850
61496725
61753119
61547070
61458810
61484712
1000186092
61761142
61711620
61185480
61745769
61720800
61744751
61519395
61476214
61725456
61456358
61741259
61743436
61351116
61529108
61753033
61715230
61521854
61772561
61562601
61773366
61750030
61485672
61547499
61725344
61463788
61724524
61711249
61485813
61768354
61558025
61514149
61744042
57227329
61536334
61479046
61771204
61541029
61725227
61487091
61741629
61478935
61524389
61740096
60679051
61454594
61506291
61514597
61546009
61748741
60229852
56594113
61522091
61769194
61756922
61746718
61525072
61527625
61746837
61756768
61507734
61464510
61689872
61773543
61725506
61757926
61743980
61537634
61469274
61725118
61521185
61487480
61745858
61773519
61513882
61752427
61648295
61745997
61736782
61742176
61352472
61764211
61753793
61445194
61480461
61500018
61502101
61758478
61503214
61768026
61635972
61771975
61513044
61490606
61734782
61759318
61539498
61523718
61734689
61747676
61534112
61318351
61531799
61762356
61522169
61527082
61524910
61678593
61450012
61722866
61467534
61311650
61495754
61458827
61723256
61508728
61771284
61772108
61769343
61558255
61506771
61759303
59053395
61737344
61761156
61524552
1000185770
61543648
61557984
61486832
61735771
61705442
58651469
61515112
61488583
61530341
61632718
61321762
61391772
61737637
61746216
61540100
61757719
61480895
61772195
61530038
61561517
61759994
61492588
61560044
58800796
61530594
61447307
61769815
61547656
61746026
61745152
61540785
60871988
61734761
61546865
61759589
61745962
61737111
61517280
61518187
61534880
61757037
61497123
61554008
61562845
61773486
61560026
61558917
61527230
61532548
61750402
61734422
61768489
61478752
61343924
61543434
61499349
61756307
61549204
61504902
61482358
61527456
61756176
60472867
61744911
61524071
61760720
61734409
61511806
61723697
61525651
61743486
61493391
61560651
61750886
60510265
61548117
61471098
61501705
61744309
61352375
61739514
61772945
61499795
61343550
61116543
61694952
61741676
61748004
61463062
61498610
61516614
61760818
58252678
61742429
61525996
61771166
61690739
61772552
61522253
61467914
61748478
58907401
61761234
61737723
61530777
61760681
61561386
61509095
61753318
61752333
61736549
61750570
1000186822
61736363
61728820
61469126
61724938
61747068
61760675
61432983
61695215
58989147
61773767
61536865
61747469
61507681
61730731
61563142
61549052
61559843
61739975
61746650
61748343
61748598
61534702
61590510
1000186962
61548288
61761175
61513227
61454413
61467096
61471546
61734737
61496537
61770388
61490475
61521302
61754602
61540869
61558628
61510716
1000186487
61756791
61537845
61763637
61753972
58766014
61772646
61375269
61501786
60668167
61512011
61501703
61535115
61524010
61472286
61537150
61530722
61769677
61752587
61522522
61525347
61518877
61763519
61515929
61744637
61732089
61511375
61447951
61546316
61538760
61310189
61756400
61701789
61200901
61753914
61512886
61469598
61724814
61547046
61518088
61518724
1000186581
61315915
61560905
1000186337
61475436
61503961
61521205
61747926
61519295
59477532
61688378
61518193
61540372
61763364
59372522
61534875
61746069
61724030
61765180
61348664
61510079
61756600
61563068
61738051
61561473
1000186176
61548824
61765314
61767993
61447741
61763414
61513296
61531905
61504865
61486254
61748463
61545097
61496205
61556920
61742919
61766135
61489328
58850010
61729602
61485223
61443777
61474851
58953350
61463259
61545044
61530358
61498614
61767958
61469172
61555258
61540683
61512220
61770638
61731147
61746639
61772005
61482778
61736582
61771322
61459901
61522973
61759920
61768379
61528132
61500958
61760011
58836953
61326132
61447298
61046159
61556976
61521486
61732360
61746876
61468707
61757940
61463063
1000182329
61538820
61491320
61553061
61521465
61762290
61741755
61493052
1000181968
60568075
61557963
61757058
61745850
61763545
61533246
61738844
61306141
61769331
61705438
61497337
61317633
61760782
61738714
61340639
61602366
61538648
61750467
61529320
61534855
61553899
61525046
61533785
61461794
61521612
61534150
61763123
61498940
61706085
61426100
61737066
61501735
61741362
61473635
61752734
61727504
61356262
61728319
59638440
61547665
61283937
58691790
61534262
61466811
61724536
61771106
61530764
61484739
61558902
61492972
61416743
61505393
60284965
61469110
61768424
61753455
61738882
61543470
56546200
60903981
61106258
61659447
61745902
61765232
61636901
61528859
61721336
61515421
60034026
61762199
61760338
61771147
61737447
61317448
61756964
61482967
61764746
61452760
1000186466
61541182
61730365
60160711
61482795
61444847
61518903
61732697
61535255
61494990
61453834
61442272
61728171
61742503
61674298
61767058
61740284
61732183
61342617
61319908
61756592
57400276
61547829
61536561
61539516
61770294
61772972
61747199
61519109
61459265
61544214
59428730
61560638
61736671
61468953
61726105
61440794
61769881
61526363
61758558
61733544
61517909
61769342
61501578
61313856
61741417
59790231
61736379
61731277
61752057
61521616
61498007
61542901
61502191
1000181524
61557373
61534727
59127066
61049523
61768570
61526351
61502188
61313654
61562112
61760823
61718898
61733033
1000181703
61715307
61324155
61728619
61756093
1000186948
61468792
56569397
61506594
61532350
61752513
61502682
61537916
61771665
61752514
61500607
61745621
61724824
61509758
61526570
61537637
60385585
61501145
61546021
61476220
61526926
61527678
61759239
61491205
61442544
61746013
61674167
61256419
61556306
61482046
61513356
61740129
61511155
61473815
61765511
61555043
61507182
61744770
61537191
61527020
61741855
61395369
1000186798
61489828
61752847
61769164
58831918
61555112
61563215
61549198
61353368
58244213
61259849
61743837
61748932
61546781
61747248
61545079
61741331
61535074
61527790
61766312
61725448
61715345
61467572
61558645
61733279
61744974
61324281
61447199
61497085
61541810
61763467
61139946
61723409
61328176
61558877
61060764
61361263
61529584
61767975
61535623
61505793
61562199
61543219
61497973
61517851
61725272
61749240
61325100
61518686
61736476
61772493
56806549
58727257
61753251
61613823
61507784
61755533
61522111
61269203
61667515
61522090
61730856
61558646
61361531
61739283
61490637
61532867
61509915
61708132
61737200
60818631
61743190
61749415
61763365
61355348
61504668
61772819
61747986
61761135
58803466
61733755
61756945
61505502
61738702
61532700
61773721
61756953
61726392
61355859
61530001
61480829
61560197
61724844
61300852
60363670
59407381
61511777
61535103
1000181646
61554280
61767844
61527042
61507736
61773212
61735274
61298990
61475466
61533271
61774034
61703172
61483135
61732264
61765788
61526480
61543926
61514988
61739734
61488637
61770592
61474062
61724752
59454658
61511260
61513952
61726337
61752045
61474088
61752968
61754659
61762487
61509515
61490191
61751212
61746266
61746560
61384065
61559976
61731232
61203774
60990231
61731362
61472206
61335771
61519542
61742384
61498222
61534094
1000181349
61518292
61754142
61543374
61488086
61468212
61742369
61757047
61539282
61512411
61494570
61772884
56550705
61772585
61494014
61535285
61682124
61764556
60337092
61548575
61733450
61728896
61346718
61737754
61550336
61739336
61767626
61532476
61521882
61551941
61498544
61766421
61540674
61743602
61730809
61465014
61728212
60646208
61349871
61517790
61508208
61477526
61726506
61720064
61476133
61753003
61490387
61766427
61318411
61467924
61737181
61478756
61498231
1000181812
61508517
61732309
61466925
61475935
61744675
58653772
61731800
61380896
61496227
58573543
61772260
61739571
61521635
61515313
61454939
1000186640
59941341
61504755
61764333
61560409
61504157
1000185771
61746621
61771901
61466398
61556243
61725559
61602913
61601078
61543723
61515038
61694948
59499069
59094364
61719901
59334959
61753008
61551481
61721960
61524583
61744078
61741370
60899408
61522238
61534452
61773565
61736696
61774087
61714985
61747365
61496321
61497348
61468178
61604812
1000186981
61542050
61747186
61553165
61734825
61745674
61305056
61514981
61736790
61558137
61744001
61239271
61483646
61520997
61533014
61726434
61493579
61518471
61555432
61382869
60477843
61674847
61756429
61739920
61558737
61484642
61648422
61543209
61547222
61549578
61517962
1000181427
61529713
61314238
1000186317
61546108
61502551
61773665
61763412
61531600
61548447
59382757
61506325
61740756
61750719
61463014
1000186534
61773808
61742634
59456444
61539063
61548619
61556180
61771862
61476438
61550989
61481817
61352664
61559974
61657350
61537006
61714804
61738518
61755494
61354056
61535604
61729479
61531441
61736376
61319166
61502449
61470469
61722065
61751516
61750008
61531712
61755111
61532237
61763434
61741480
61505183
61502170
61545165
1000182804
61732366
61744209
61539831
61735490
61726902
61497060
61764737
61736377
61735152
61529435
61743706
61731841
61501991
61467040
61734378
61527596
61524259
61504814
61562765
61506642
61446518
61506413
61745930
61493542
61510472
61548985
61739704
61512178
61744416
61526406
61748785
61744806
61299701
61722530
61483791
61550352
61760934
61753738
61553986
61549004
61738780
61764334
60787858
61734070
61468507
60955028
61562830
61471882
1000186647
61309962
61534285
61742644
61494519
61746057
61734315
61468774
61357274
61748687
61451222
61223822
61527494
61725293
61691471
61507988
59659124
61547592
61751398
61728349
61550261
61769517
61532831
61519185
61483834
60523165
61512331
61555580
61737423
61483261
1000181446
61314844
61543419
61494538
61769064
61749569
61496136
61773883
61454611
61539330
61523984
61530543
61462875
61131434
61313661
61502586
59507834
61626545
61528192
61468301
61521743
61492679
58848425
61536628
61752102
61521922
61510031
61743321
61736878
61478219
56597113
61530285
61554682
61507788
61743384
61509926
61525168
61770700
61549323
61767640
61746556
61754838
61691220
61319570
61743525
61763343
61469699
60631662
61763595
59548576
61771876
61146215
61531809
61773604
61313137
61543767
61722345
1000186387
61529818
61477481
61734890
61467337
61748202
61731723
61306215
61752226
61422931
61550333
61773626
61478112
61732359
61751745
61561434
61510549
61734665
61546608
61512962
61518665
61758161
61765090
61766118
61508922
61494605
61537295
61501131
57872563
61550007
61752807
61580222
61736936
61501950
61736079
61562273
58918611
61522794
1000181958
61486682
61509501
61332925
61728942
61325687
61528061
58517683
61518058
61321785
60404633
61512641
61768736
61740319
61741850
61510017
61654587
61722727
61451648
61531821
61692396
61557257
61538847
61462738
61553954
61477458
61501176
61527485
61339306
61510601
61774003
61537694
61745405
61529206
61501375
61773196
61532044
61467538
61756062
61544802
56805185
61467465
61734659
61500133
61537490
61708223
61519698
61692076
61496990
61512831
61481096
61761250
61736502
61766492
58776416
61758202
61516455
61507347
59695042
61740427
61509933
61756459
61513883
61770719
61531201
61508718
61511872
61536663
61760770
61558063
61737603
61527074
61483541
61498504
61746921
61511987
61736759
61754722
60671879
61731968
61556299
61697819
61541472
61495858
61758022
59027938
61771826
61478109
59709925
61511811
56550813
61521850
61733104
61521905
61680609
61510300
61745916
61723603
61722605
61738647
61725483
61739838
61771833
61730937
61771379
61521165
61556058
61491145
61711134
61747081
61496604
61548895
61513056
61537944
61760727
61488984
61755245
61754540
60001749
61686509
61526361
61529266
61351184
61548789
61432544
61751199
61760014
61736934
61731116
61509128
61562887
61159346
61753043
61750377
61733784
60870717
61757985
61535067
58827551
61527114
61771819
59512663
61524752
61508254
61774350
61529418
61743852
61773592
61451379
61739886
61762196
61496876
61724606
61759258
61502287
61501068
61560119
61521461
61521907
61748171
61754286
61508066
61495326
1000185880
61484556
61752656
61761382
61499807
61738716
61771628
61490986
61712120
61352654
61483268
61474975
61755453
61764224
61725408
61502691
61752592
61734695
61486645
61763506
61530218
61726505
61524990
61771922
61539799
61740286
61502145
61771966
61525415
61465777
61757029
61512097
57196670
61531706
61771590
61756909
61746160
61734990
61466935
61771002
61201061
1000186315
61771612
61324762
61455981
61537514
61553421
60260728
61506011
61728550
61739234
57428419
61727935
61489235
61494826
61768709
61542946
61562119
61537732
61440297
61755516
61744721
61763098
61715468
61310506
61552325
61681687
61761931
61516422
60877480
61387559
61499363
60477409
56644170
61529271
61509219
61535261
61739638
61497088
61521754
61749246
61517052
61520334
61515761
61752245
61539609
61744881
59146246
61550217
61525643
61773528
61491941
61471287
61755192
61503229
61734171
61127389
61769056
61563096
61534104
61735179
61547540
61769143
61722024
61771748
60506897
61523106
61559508
61524026
61547804
61459050
61743886
61725398
61533367
61754154
61355758
61738816
61501995
61490204
61763882
61542798
61496421
61505211
61278654
59879525
61750738
61534280
61148622
61462834
61316237
61491506
61354974
61524458
61456531
61738639
61731043
61537274
61516378
61471915
61532771
61476315
61726208
61035053
61509131
61552731
60508784
61485510
61529954
61766156
61757739
61488429
61491525
61766257
61557220
61508162
61479180
61527716
61765697
61412520
58835321
61515526
60557794
57963911
61357013
61738869
61759706
61539633
61537942
61772782
58836840
59654564
61770554
60320979
61771290
60745770
61515182
61727591
61750734
61740171
61728496
61770684
61466106
61719468
61522276
61532100
61739239
61752206
61748092
61752700
61527841
61361771
61744996
61506123
61542051
61487677
61722219
61523519
61315240
61739779
61539872
61508165
61481113
57598019
61768272
56629267
58587797
61763363
61468531
61548587
61737120
61757885
61762293
61758627
61506981
59900236
61547896
61475997
61349551
61762138
61103295
61547354
57941322
61516234
61538605
61505829
61498645
61759551
61484731
61751556
61640603
61445614
61331095
61769981
61171005
1000182214
61385805
61473943
61512027
61538955
61638221
61528527
61724984
61452404
61516125
61739802
61750412
61555423
61482348
61445880
58835435
61742479
61545168
61559551
61770053
61508550
61734222
61757908
61748681
61527732
61517771
61744583
61534957
61505141
61772196
61534591
61504885
61755063
61493298
61528124
59646265
61509103
61754005
60915912
61548672
61770872
61517827
61740028
61743434
61726004
61748345
61526703
61773447
61347063
61534594
61503368
61490967
61461977
61771404
61353723
60656962
61509063
61560742
61525473
61764792
61519063
61560791
61720548
61519032
61463901
61483725
61289168
61737309
61501488
61730202
61739990
61741271
61527848
61557881
61324204
61763295
61454834
61752757
61518381
61514655
61481089
61559994
61741360
61508273
61530871
61738754
58576672
61744657
61623312
61734019
61527902
61505405
61537565
61751065
60604480
61491067
61542037
61506396
61525645
60508890
59905880
55803395
61527832
61773200
61650797
61754121
61731454
61556068
61760953
61768521
61527062
61518177
61515820
61742100
61515576
61186777
61542845
61772705
61517933
61734041
61458398
61548857
61697193
61767493
61759510
61541061
61537810
58729178
61556268
61548777
61561642
61744025
61465288
1000181845
61508139
59706832
61494349
61613653
61526942
61738888
61736810
61485352
61748018
61727691
59604721
61457010
58841079
61537783
61747129
61532019
61689399
61733417
61549061
61740237
61728092
61444134
61526819
61724303
61758330
1000186470
61518519
61540188
61729879
61536875
61470090
61552661
61505277
61762505
61738934
61543943
61560800
61525241
61560636
61500448
61756986
61476404
61511784
61752193
61733553
61535539
61711437
61534082
61474186
61385267
61756790
61501585
1000186071
61457841
61182676
61737557
61736371
61751383
61157351
61493417
61552752
61525059
61460782
61719336
61759916
61497758
61423108
61732617
61733783
61522604
61750899
61773225
61508052
61526937
61742495
61733306
61758541
61550727
61540311
61737388
61559478
61724597
61498507
61733245
61513287
61515165
61506631
61465889
61771835
61332550
61736064
61724311
61771673
61769191
61722424
61769984
61755017
61750814
61511175
61504696
61550340
61770342
61493902
61742217
61501420
61550084
60504343
61523705
61519808
61550863
61543892
61548448
58351109
61516245
61740383
1000186803
61533317
58657028
61524599
1000186707
58975682
61467631
61482197
60224144
61729480
61493313
61508881
61513574
58583081
61745643
61491270
61229576
61740216
61768660
61456883
61545110
61561911
61479524
1000181380
61510706
61734539
61721202
61763672
61754458
61492122
61737887
61751358
61656852
61511901
61637597
1000181552
61771593
61504817
61736130
61742865
57405431
61773380
61731238
61501551
61554049
61706552
57403023
61555157
61530928
61510089
61555826
61733452
61771625
61668951
61322423
61523449
61474557
58941848
61737711
61470512
61746495
61502667
1000182900
61332614
61691141
61554504
61763496
61519868
60911124
61517056
61515543
61533262
61491416
61504476
61742329
61522001
61749901
61524434
61730747
61762088
61746085
61770992
61530416
61746664
61771804
61472124
61756230
61477148
61511518
61720930
61763557
61730597
61761169
61525101
61742140
61541926
61434002
61731487
61534465
61335368
61576927
61737199
61756679
61526124
61534759
61725744
61509643
61743660
61744443
61772130
61771995
61547532
61448821
61526360
61524584
58053922
61540054
1000186585
61490043
61772278
58589924
61515079
61559138
61501701
59635883
61616140
61735019
61468775
61263086
61537540
61768666
61474829
61703078
61526735
61487303
61759903
61756318
61771445
60791481
61369576
61511494
61523834
61062835
61274145
61761271
61555357
61515932
61501281
61519055
61527188
61500511
61495417
61438821
61477323
61536725
61481045
61472948
61503700
61489996
61731851
61547323
61357881
61351562
61764475
61292450
61772838
61549179
61750678
61475207
61513042
61469896
61469610
61499142
61424852
61734778
61480400
61737368
61518518
61512977
61355518
61463364
61522812
61534834
61555416
61767620
61758983
61756050
61716224
61562397
61725560
61334080
61515558
61743448
61745613
61748176
61509016
61451367
61750032
61508394
61772267
59671717
61750725
61336351
61767161
61512816
61746510
59470643
61500296
61731033
61315959
61773056
61494898
61538006
61508934
61487063
61557209
61543014
61555492
61711280
61759447
61499469
61486219
61711058
61497667
61473554
61772840
61752142
61368643
61745880
61538101
61498381
61509739
61487456
61729589
61717431
1000188990
1000186360
61737227
61530706
61548836
61544353
61473190
61539939
61553239
61760084
61496374
61749261
61337580
61561279
61552848
60855269
61534096
61758919
61773261
58934551
61281578
61730748
61760046
61774081
61479928
61527269
61723075
61724387
61750806
61528140
61770006
61532826
61482981
61682212
61772814
61530085
61708168
61399487
61727347
61765465
61731358
61760977
1000186804
58448858
59958038
61744646
59022285
61509439
61505082
61759265
61773824
60878116
61773773
61756525
61735631
61742718
61721789
61505221
61728930
61734791
61742725
61528165
61488701
58050430
61472238
61545536
61723316
61754739
61501231
61505741
61465482
61752354
61313605
61528269
61493626
61457244
61343965
61744440
61158489
61534488
61754998
61624723
61530224
61705542
61721790
61731175
61556296
61466965
61763300
61762418
61747388
60313974
61528036
61516318
61501863
61469008
61560616
61453692
61694456
61490340
61772874
61453988
61725975
61774105
60493304
61766248
61534797
61756178
61754158
61509707
61321303
1000186900
61740717
61752696
61561924
61469075
61493628
61760072
1000182181
60986891
61466727
61770449
61551749
61720499
58790817
61749509
61511161
61739542
61771315
61764288
61732475
61550608
61506149
61761451
61731335
61731548
61760548
61765982
61750086
61450029
61746575
61723379
61745966
61537082
61745843
59129881
61489079
61740693
61769891
61744056
61540739
61607486
61741311
61484993
61509899
61472156
61539370
61499731
61473245
61501071
60408831
61526647
61714542
61740308
61738674
61462617
61659783
61738462
59947050
60825426
56918275
61767623
61530915
61467294
61509611
61478944
61348957
61773797
61773065
61535820
61535562
61770401
61503653
61308092
61552887
61508351
61514146
61546952
61467814
61509796
61550513
61746571
61507687
61744196
61550223
61685064
61546112
60297488
61528370
61725597
61541533
61557168
61748110
61561117
61506623
61492043
58779297
61736719
61750119
61728569
61512820
61538773
61447982
61740090
61532439
61516951
60297829
61771324
61295056
61548975
61727436
61769675
60176269
61736221
61433492
61734902
56607956
61758069
61543188
61490039
1000181386
61752053
61535770
61562153
61745288
1000185996
61758562
61540866
61529999
61349394
61530629
61760119
61762701
61746018
61746948
61539596
59139704
61743797
61468096
61501381
61523757
61502078
61496396
60973937
61749184
61555520
61768612
61498148
61756399
61740068
61508350
61560908
61505866
61547065
61520761
60122410
61545279
61749199
61519493
61707645
58990268
61506264
61772218
61428408
61529267
61533991
61729484
61741492
61718408
61512250
61562805
61534364
61750470
61537958
61502339
61542399
61763627
61515454
61766944
61491368
61746229
61413062
61557796
61547920
61515775
58816075
1000186866
61727455
61769057
61465571
61772098
61255110
61754285
61755101
61531361
61506578
61522773
61765449
61551837
61523371
60605487
61740424
61468496
61457837
61529211
61532656
61492374
61554089
61708888
61743151
61459966
61537807
61763244
61723306
61329559
61528251
61719896
61535178
61559539
61772952
61515600
61518107
61771120
61550509
61456553
61472594
61759565
61690555
61703520
61504756
61758884
61544190
61535974
61500466
61731864
61505495
61737381
61744458
61727646
61542807
61545488
61740050
61529317
61491308
61560055
61551828
61324462
61742223
61734802
61514989
61552860
61308823
61352232
58687825
61523245
61541854
61534690
61771688
61727234
61513130
61533207
61772680
61764713
61505089
61534440
61546004
61535951
61754118
61487420
61772146
61441638
58040389
61729228
61497976
61506442
61551540
61521019
61737814
61438185
61746234
58939361
1000186324
61398148
61761419
61501355
61507076
61529864
61722338
61736786
61462324
61320582
61759657
61675835
61526353
58806220
61748858
61740345
61486237
61496871
61522957
61488695
1000182111
61508835
61409270
61559464
61752755
1000186395
61734838
61510597
61545359
61747172
61076893
61773858
61729950
61412067
61727587
1000182090
61462681
61481631
56020124
61460319
61508282
61519285
61524217
61741760
61514027
61515276
61524276
61538872
61528360
61756066
61772980
61748302
61494895
61536956
56571343
61494792
61772252
61505819
61539337
61531869
61734590
61771484
61515130
61443442
61469185
61538688
61536656
60039325
61750549
61516262
61744033
61261696
61552932
61746199
61725867
61293085
61473258
61537106
61730113
61730935
1000182129
61546086
61543363
61508143
61740512
61725031
61549032
61748393
61692104
61497121
61521355
61351341
61445875
61283947
61770502
61444736
61766165
59500067
61490462
61421306
61502235
1000182049
61759202
61735071
61550651
59678856
61549659
61552004
61540558
61395617
61528855
61753953
61553941
61758243
61760003
61724651
61758065
61525199
61734903
61468244
61559305
61756715
61733239
59477437
61771333
1000181897
61687848
61489062
61752124
61504584
61561349
61730756
61539388
61534436
61493449
61736795
60736708
61733636
61316359
61455243
61738088
57289891
61755224
61502692
61771977
61733066
61512531
61532379
61316967
61773451
61740353
61532628
61745242
61534305
61228682
61750124
61560229
59892147
1000186848
61304964
61518331
61562290
61523811
61328600
61721459
61743583
61512916
61773180
61511517
61355796
61532224
61716099
59579368
59576376
61508685
1000181520
61728121
61744999
61528226
61754486
61504352
61754249
61740415
61495399
61527187
61740002
61771753
61729152
61497894
61726459
61529580
61499100
61666870
56979791
61474407
61518217
61736955
61760819
61759177
59694255
61741983
61532317
61513109
61535470
61313733
61563256
57650271
61472893
61552922
61536796
61759497
61757670
61522336
61539945
61532472
61540876
61532241
61745710
61541560
61475067
61388171
61735243
61108455
61551482
61336573
61743165
61473911
61753159
61537311
61349887
1000186923
61756930
61706945
61753857
61753018
59063281
61459749
61749010
61752654
61476698
61759983
61314309
59912671
61456042
61735080
61545914
59032127
61555175
61494947
61489573
61492720
61766233
61743493
61771667
61526195
61560847
61431333
61764253
61552018
61751612
61514869
61560677
61773470
61480278
61536530
61523461
61746615
61545948
61736026
61759610
61725880
61743410
61483434
61535476
61548539
61749079
1000185925
61549039
60921344
61736945
61527425
61756738
61505050
61733705
61477711
61502723
61523610
61498927
61737349
61738873
61747207
61744345
61770539
61753207
61518645
61745233
61480578
61756591
61743618
61521949
61477446
61724891
61764303
61334091
1000185957
61712628
61346793
61454474
61738973
61543364
61758320
61466494
61506055
61500952
61770929
61755060
61771623
61762562
61772263
61737323
61501244
61510936
61736816
61762595
61547871
61562415
61749332
61743208
61513084
61699843
59162332
61744047
1000186348
61476868
61771144
61477092
61486743
61491887
61754514
61752604
61486289
61428959
61742131
61750872
61752551
61773045
61483430
61745788
61553134
61512322
61504534
61773475
61755266
61627636
61529556
60911124
61670439
60493304
61494135
61523984
61777274
60787858
60990231
61007742
61863130
61929543
61925580
61861272
61901949
61860953
61930006
61889463
61879210
61924885
61951504
61951776
61951724
61951681
61951693
61951441
61916077
61892544
61927656
61874310
61863985
61951413
61901677
61945362
61929747
61867984
60604480
61865978
60015000
61842811
61924800
61918854
61874884
61755259
61332172
61868451
61906407
61931617
61865175
61947679
61918570
61881604
61895093
61893637
61927329
61918395
61905187
61473203
61875732
61845829
61186777
61637597
61776157
61672649
61602913
61576927
61889368
61896712
61944687
61941191
60200404
61808663
61919437
61883537
61049523
61929496
61875192
61613653
60034026
61855524
59635883
61736377
61831273
61394670
61590510
61888257
61889193
61755494
61843183
61321785
60176269
61922022
61844966
61594924
61749261
61528053
61359872
61851236
61640603
61867756
61941022
61816786
60122410
61856924
61818411
61910943
61903899
61913135
61895977
61907180
59049888
61790494
61909879
61909879
59940236
61911843
61907304
61912410
61689415
61913867
61711134
61860140
60366403
61909812
61912214
61601078
61921782
61915677
60229852
61924127
61910890
61912865
59941341
61914180
59947050
61912319
60756477
59831293
59958038
61916044
61838743
61914861
61910754
61885254
61914713
61909407
59548576
61915843
61916221
61911780
60791481
61918525
61910457
61882470
61913746
61909708
61918480
60813338
61910549
61910737
61911788
61913193
61912728
61912638
61912131
61916719
60001749
61913393
61916001
61917454
61915013
61909559
61909903
61915100
61886528
61918359
61910600
61912751
61910504
61911339
61916112
61911056
61914723
61756154
61921469
61915673
61919720
61914130
61916293
61821077
61913855
61791083
61918911
61912360
61923722
61909986
61912053
61910426
59659124
61916525
61910878
61910107
61918376
61911022
61911112
61916379
61924037
61932176
61909296
61912430
61912171
61910173
61910910
61914083
61914934
61913130
61910370
61912726
61914287
61882990
61914273
61912394
61256419
61914292
61916872
61834463
61916462
61922421
61888882
61912069
61915165
61913129
61912160
61910936
61897983
61915362
61910888
61920880
61913823
61914474
61918566
61916417
61911100
59783864
61926496
61913187
61853774
61909993
61912759
61914571
61914311
61911573
61912656
61910721
61909723
61911051
61461970
61914346
61913869
61914313
61915901
61924129
61910011
61917486
61910430
61790735
61910432
61912038
61912641
61917976
61912276
61914882
61913543
61918333
61911929
61917930
61942413
61916665
61918471
61910782
61910798
61915882
61911326
61922219
61915787
61912684
61917922
61924675
61918031
61922258
61916678
61914500
61914778
61911083
61910544
60160711
61914886
61913017
61918898
61948360
61922612
61920704
61912834
61913015
61916823
61917107
61912482
61912344
61892042
61917691
61920270
61910620
61912184
61917119
61718669
61916419
61924478
61914964
61919340
61921756
61922144
61919592
61911757
61807106
61915928
61915364
61915748
61918259
61916470
61914327
61919615
61913909
61912481
61912072
61920109
61776265
61919635
61846141
61914718
61919700
61916714
61910270
61916459
61920683
61911928
61912182
61918415
61920877
61918165
61917683
61919881
61925723
61914406
61914082
61848072
61915072
61922628
61913209
61939677
61914098
61916935
61918491
61912154
61917671
61912310
61918615
60734101
61914975
61920172
61913982
61921407
61915184
61916938
61915035
61916534
61918287
61915361
61920601
61922106
61919655
61918272
61898315
61921662
61917192
61923929
61918451
61896907
61915803
61918571
61918044
61914622
61916867
61916045
61919932
61920857
61915211
61926298
61915789
61920321
61877777
61942365
61919939
61914947
61920287
61916150
61920998
61918148
61917795
61928360
61917921
61914982
61916767
61915762
61915058
61918401
61812519
61914524
61929383
61891887
61918132
61923935
61921833
61916705
61921865
61912883
61916205
61922046
61916637
61913056
61915038
61924007
61917998
61919461
61915569
61925405
61918718
61921035
61918465
61925587
61892326
61932063
61924313
61929127
61916617
61901099
61924025
61932278
61916898
61919882
61920768
61918468
61920495
61922045
61917597
61848427
61930158
61919676
61927430
61922750
61925828
61884482
61921340
61919173
61918982
61917884
61920032
61774844
61917652
61922636
61880738
61931770
61952365
61919876
61920962
61922785
61905791
61939941
61923721
61922260
61916589
61917717
61918651
61918430
61902621
61919547
61880885
61900627
61917719
61921196
61920815
61917918
61913935
61918278
61918649
61952003
61918322
61884121
61943438
61920284
61917970
61918441
61940722
61920734
61941170
61921521
61919798
61924300
61951821
61866205
61918753
61951988
61929119
61921918
61922233
61921127
61928346
61911830
61951660
61934151
61922178
61920160
61925543
61896784
61919713
61918625
61952482
61918894
61918671
61923370
61909036
61935242
61888300
61892296
61898147
61920319
61931403
61920691
61918412
61852586
61947426
61893226
61921875
61899986
61924792
61868268
61931492
61895819
61919628
61926067
61923925
61922762
61922774
61931112
61860199
61920070
61934306
61928598
61924983
61918849
61893491
61922611
61928348
61923020
61925989
61922315
61895076
61918273
61899637
61919903
61882058
61920972
61919055
61878434
61923776
61920073
61929176
61918220
61889102
61935729
61925705
61889250
61898749
61889844
61941822
61883921
61814738
61923200
61904947
61941704
61922624
61834603
61932047
61935529
61939100
61912082
61923453
61941413
61935848
61940758
61929208
61923713
61924940
61881649
61872170
61912119
61882549
61926724
61922796
61924888
61913103
61886718
61927334
61908616
61920728
61929148
61920224
61906786
61887134
61920994
61921975
61875790
61919793
61926362
61922748
61883453
61940434
61856837
61911685
61928414
61951489
61905009
61922067
61898797
61902671
61901958
61928200
61898667
61841060
61922370
61808200
61929739
61936795
61906656
61923905
61859971
61886497
61807554
61929438
61930167
61925957
61888761
61926339
61930645
61920933
61920211
61929241
61920140
61929904
61903732
61924453
61886124
61949184
61882638
61924528
61922456
61904130
61943532
61906967
61911731
61901238
61942499
61926662
61903802
61894363
61904278
61937293
61920842
61948126
61905172
61895227
61927133
61925021
61922957
61940735
61887126
61883586
61899635
61902492
61900662
61933343
61909061
61921818
61937699
61921220
61901429
61885362
61886499
61937501
61903108
61905079
61949858
61918054
61902256
61929281
61902911
61922760
61900504
61883367
61929616
61923942
61881842
61885633
61920971
61924529
61892114
61903360
61924220
61889049
61910847
61945360
61883337
61922104
61899915
61912520
61899759
61932291
61900742
61942520
61902228
61952276
61931080
61886352
61880156
61948316
61940846
61943639
61940855
61943577
61950151
61910803
61929817
61920773
61913084
61942727
61890255
61926021
61950929
61928285
61904533
61891883
61943341
61931456
61904167
61920908
61928389
61932925
61902807
61855989
61929767
61888014
61901076
61925528
61929092
61922023
61871553
61164569
61907768
61902504
61916838
61937187
61929428
61905357
61908034
61950449
61952251
61936178
61915388
61885432
61900971
61895084
61901284
61884901
61925913
61924480
61907376
61904770
61898420
61885287
61885412
61926182
61890779
61949548
61927187
61905907
61929207
61898632
61880251
61923922
61937016
61928061
61951754
61907068
61908144
61882112
61898286
61920259
61904528
61930667
61907745
61902335
61939057
61907909
61883827
61920977
61932634
61882322
61929426
61911116
61948002
61924923
61923408
61898482
61924152
61925632
61950404
61949587
61906715
61903278
61938340
61898253
61915761
61895714
61922583
61890064
61902856
61881868
61895099
61903270
61902640
61894874
61925164
61911150
61895769
61885973
61923552
61901895
61904284
61916796
61892575
61902331
61931369
61861579
61930672
61909973
61904143
61906761
61906753
61908495
61926438
61949462
61913200
61880265
61910860
61881442
61910240
61906587
61907557
61904979
61905750
61883984
61882740
61904962
61883118
61925834
61908028
61888661
61900091
61921729
61948979
61902635
61900259
61905500
61909152
61928979
61912473
61896437
61950973
61902364
61938948
61911073
61933588
61949714
61914580
61925722
61892096
61945940
61899949
61901755
61901614
61941350
61939837
61919941
61870468
61895007
61897743
61882072
61895146
61924620
61867526
61932219
61904978
61910933
61929839
61896446
61928203
61886346
61922880
61901135
61931258
61927779
61949793
61929599
61887653
61949819
61895680
61904602
61931210
61929096
61908017
61905596
61924461
61897586
61902608
61942003
61898493
61883934
61914065
61939012
61901536
61895443
61923049
61928063
61926700
61952173
61933547
61945296
61893433
61885795
61906336
61898590
61903987
61909409
61893683
61905780
61926480
61925638
61904569
61899669
61943177
61881792
61926552
61934893
61926640
61884404
61896965
61903169
61881883
61903272
61905132
61904430
61882855
61910570
61929495
61937483
61930715
61951862
61893552
61890292
61940415
61951112
61912179
61951088
61916640
61949977
61927755
61887288
61909302
61885246
61906836
61939673
61933982
61889057
61903781
61927343
61907837
61948436
61948450
61907692
61925867
61929988
61930205
61897402
61889279
61880107
61926340
61914810
61926317
61924356
61906885
61907102
61927464
61883842
61892798
61951312
61932886
61927313
61916123
61919775
61887468
61899081
61929720
61895255
61904729
61921324
61929991
61901900
61900725
61892002
61902569
61898131
61889642
61950914
61883976
61882899
61886840
61948910
61908499
61911429
61920709
61891071
61898128
61881972
61939032
61921028
61908872
61891967
61906782
61911658
61952084
61946104
61905366
61904116
61933607
61933383
61880609
61943729
61930237
61883122
61932071
61907194
61907703
61907489
61926103
61940984
61949653
61887176
61896290
61929444
61896275
61924527
61929693
61893337
61929793
61930207
61898133
61912611
61898624
61894926
61905261
61914465
61943164
61900358
61909850
61933569
61945322
61948144
61934946
61941061
61881137
61900994
61951156
61885506
61937367
61945103
61905931
61899158
61929245
61899125
61898518
61931556
61941512
61933419
61900539
61893113
61895325
61952631
61892411
61914299
61885750
61911123
61910842
61939736
61915031
61951974
61934834
61885271
61882813
61906304
61935446
61951970
61931005
61918336
61924839
61882595
61931505
61938955
61934143
61892578
61880791
61925533
61912189
61936017
61886649
61950627
61925661
61896676
61893835
61940781
61908273
61899742
61886462
61940929
61925979
61901525
61902620
61887140
61929643
61885221
61934563
61931421
61884486
61944251
61931269
61891436
61902814
61912708
61928789
61899723
61914785
61892140
61910676
61886967
61893633
61893633
61914056
61928032
61904311
61892064
61950392
61886790
61887166
61938620
61916081
61936826
61912987
61914511
61917692
61895384
61904142
61913043
61904959
61893613
61916669
61947776
61944451
61944314
61951657
61940015
61903714
61908107
61952280
61924211
61892340
61905017
61923896
61919588
61890584
61880685
61914538
61883768
61912895
61894353
61913876
61908345
61908339
61887452
61948338
61909667
61925907
61927500
61894953
61907222
61911583
61907222
61911583
61910463
61901955
61944241
61904347
61927220
61947431
61926196
61910824
61882117
61888657
61899027
61880026
61926739
61932388
61899602
61950937
61901545
61945580
61919844
61941171
61913224
61914598
61918869
61897643
61908183
61893800
61898677
61902964
61887700
61881564
61888043
61904605
61933254
61907551
61891756
61908443
61890145
61902762
61883170
61905525
61905236
61950470
61931435
61890385
61936660
61891817
61932542
61891848
61934902
61923926
61898568
61882642
61907140
61889922
61898118
61951462
61896783
61886986
61884069
61902693
61907878
61910233
61902863
61916397
61888506
61907924
61950465
61902751
61947637
61935820
61945169
61932897
61951142
61949133
61906360
61908209
61893693
61896111
61893693
61896111
61904520
61889571
61950182
61950555
61895147
61895731
61945337
61908065
61935398
61926077
61895602
61940209
61890634
61931870
61886094
61899609
61914155
61906936
61912169
61918370
61924816
61895286
61910272
61927838
61895854
61950233
61907829
61945178
61901912
61908260
61889245
61905081
61885540
61889855
61908297
61902619
61893508
61898408
61887458
61925022
61902288
61893097
61922508
61943129
61903184
61914625
61913911
61927304
61889979
61891870
61898245
61948807
61931682
61891941
61912067
61898755
61912052
61905537
61912470
61892426
61931611
61932758
61902016
61923794
61881959
61912092
61902624
61919946
61932110
61905829
61906737
61883161
61882763
61932369
61895839
61885426
61881175
61907849
61904788
61898362
61897182
61885589
61885112
61943363
61905262
61914741
61930833
61897658
61921432
61902315
61889333
61951684
61885389
61907821
61927517
61938518
61942219
61920659
61905752
61881894
61908042
61891108
61952177
61944616
61899351
61915186
61884571
61951239
61883307
61902849
61952106
61902501
61896885
61930166
61902534
61880489
61893187
61949704
61892993
61904337
61907432
61920954
61912346
61882282
61926483
61898505
61880367
61899540
61896139
61937103
61889598
61900142
61900256
61882917
61900830
61936991
61897278
61900002
61897278
61900002
61902958
61883104
61925023
61904908
61948419
61904536
61952825
61929526
61883630
61912271
61902349
61946084
61950959
61905210
61905899
61894840
61935179
61903570
61908430
61887688
61900841
61894137
61899497
61902554
61902359
61931829
61914854
61881896
61912948
61919936
61903866
61880197
61908539
61917004
61886278
61912245
61922132
61939628
61888199
61927869
61904762
61893318
61884789
61937009
61899536
61899944
61929366
61902291
61939974
61900898
61927276
61932248
61903311
61934244
61940270
61898231
61942068
61888905
61896311
61933306
61947894
61930429
61893706
61943143
61942187
61922976
61882845
61934086
61882594
61916798
61919967
61943321
61906470
61922038
61901516
61893414
61952155
61950099
61915401
61918122
61887018
61904687
61951003
61904650
61903780
61908784
61919439
61882648
61919448
61904290
61951056
61903120
61942435
61898747
61885625
61948167
61901679
61933483
61901125
61903375
61908590
61902848
61950996
61935923
61952858
61907333
61889876
61893651
61880683
61904173
61882423
61927729
61925766
61952338
61892497
61937542
61907151
61896059
61899258
61952912
61890303
61914912
61946905
61946730
61918284
61946289
61905070
61931887
61901856
61908580
61903328
61889907
61928157
61933341
61888337
61906207
61925507
61902293
61905424
61927971
61944863
61951470
61903659
61887531
61921800
61894020
61931067
61887592
61888797
61916481
61909371
61898024
61936147
61881728
61905340
61938380
61919981
61899805
61899421
61901706
61907989
61901084
61912524
61902596
61936557
61898238
61882047
61893867
61906863
61951009
61883038
61905715
61932790
61931270
61886232
61952574
61942645
61950600
61936798
61884552
61895582
61894940
61915577
61900956
61897952
61893978
61904870
61908110
61889109
61939613
61880334
61906492
61904133
61904381
61897233
61899056
61901025
61889318
61896504
61888885
61908271
61907707
61949071
61890678
61945301
61899803
61903171
61931153
61902766
61904598
61905738
61923735
61912819
61902924
61937995
61938377
61885093
61903914
61902464
61913586
61883956
61887128
61940112
61908419
61918397
61898294
61933259
61903055
61897682
61880439
61904251
61908546
61941326
61891363
61901196
61902000
61922382
61883200
61883200
61934438
61929960
61942527
61897170
61895141
61906216
61951324
61892014
61939622
61883383
61885920
61892303
61904881
61902488
61907816
61906600
61937425
61899474
61901316
61895392
61892971
61951018
61887386
61883593
61918226
61930400
61905681
61883120
61932057
61935348
61936946
61939987
61902653
61931469
61922537
61901051
61891585
61884824
61951439
61898971
61898975
61902459
61908340
61940115
61901760
61888390
61910061
61933879
61901020
61904179
61908396
61892138
61937525
61940882
61945462
61906551
61883865
61891982
61939345
61883138
61893792
61935655
61895338
61892553
61927400
61947650
61880515
61896927
61898709
61902643
61950305
61937444
61949685
61919736
61947014
61904595
61943307
61928089
61952005
61900873
61934088
61905473
61903277
61892895
61901497
61939689
61937018
61951051
61947970
61925561
61898826
61926478
61933325
61919755
61884094
61950109
61944512
61905328
61936378
61906920
61918045
61899973
61908178
61903275
61927085
61935282
61897381
61901979
61898174
61909473
61903902
61903909
61903748
61918234
61924725
61902235
61924790
61939886
61889393
61901869
61889401
61950311
61899089
61905189
61941253
61917757
61886651
61904780
61935692
61884025
61887954
61894398
61931814
61903269
61890535
61943853
61892223
61904649
61885624
61917679
61937223
61905336
61909257
61898627
61887286
61899648
61906661
61899814
61899804
61926187
61915365
61915251
61905584
61903294
61930174
61932956
61884443
61926000
61907918
61885841
61935768
61890473
61931433
61951938
61931889
61883388
61884876
61914608
61906908
61889010
61947430
61901017
61890344
61899185
61896618
61895064
61933301
61931909
61894499
61907295
61906274
61887082
61882166
61889719
61903931
61918289
61941986
61906895
61883799
61909299
61937545
61890587
61891837
61891403
61895790
61894367
61922874
61898562
61890226
61886878
61898043
61886893
61901729
61882254
61896008
61897373
61901919
61902346
61920045
61898676
61945204
61951466
61896888
61884698
61888728
61907478
61901724
61896640
61888895
61933260
61892500
61897079
61895021
61882937
61928152
61900798
61904486
61906054
61914730
61914775
61923059
61897300
61896682
61903767
61899072
61887043
61889875
61893684
61940014
61900214
61888971
61903419
61885537
61927923
61909661
61905498
61910365
61927973
61952659
61882343
61880277
61907643
61880844
61895174
61900996
61901549
61899596
61933916
61941808
61944602
61904829
61902594
61890576
61939746
61926947
61920924
61899213
61951872
61917046
61909651
61923742
61904387
61898496
61890590
61880240
61933354
61881567
61883168
61902592
61888036
61901336
61890548
61892272
61891798
61903869
61926499
61901669
61944426
61901458
61910278
61883515
61916148
61882064
61883614
61903619
61939663
61938538
61882863
61888625
61907973
61880784
61935622
61882028
61952169
61939298
61952531
61882314
61892803
61927914
61909085
61895053
61938368
61918754
61944188
61899886
61889326
61952656
61885778
61950138
61918386
61922427
61952854
61905581
61891795
61951130
61918875
61902564
61940144
61880256
61904872
61885290
61899323
61881818
61894309
61925013
61939749
61922932
61881302
61942381
61918909
61934293
61908189
61927817
61923709
61883581
61925382
61907133
61923005
61916225
61928643
61928057
61924330
61939698
61885546
61953098
61916523
61898082
61894034
61885681
61909410
61884180
61887412
61945355
61883264
61901506
61891273
61950911
61886095
61906912
61938633
61920987
61908249
61892817
61908516
61888736
61927471
61927915
61881493
61908309
61951234
61893496
61883559
61881797
61901459
61893801
61893207
61901039
61893514
61882536
61907486
61904313
61886580
61887251
61942402
61887429
61915178
61907086
61895721
61924098
61921501
61899170
61933978
61930388
61889034
61880808
61949123
61903873
61901917
61928328
61932083
61935937
61883910
61904511
61890240
61880342
61904530
61943273
61939316
61898256
61885811
61906663
61916633
61947503
61939899
61925192
61927265
61950524
61947604
61934287
61906826
61901980
61929272
61908352
61951293
61931278
61885172
61920679
61908940
61927482
61936808
61927288
61894814
61892106
61887271
61897546
61951861
61884612
61905154
61944617
61891286
61940016
61936151
61950426
61919790
61901037
61885483
61952888
61899566
61950197
61940004
61952339
61933705
61942448
61894320
61887488
61940309
61883112
61942602
61937427
61896600
61881822
61940083
61929899
61887053
61901404
61880925
61935702
61905457
61926759
61926759
61883271
61952035
61910311
61896440
61885523
61916297
61898148
61887673
61948881
61907876
61922814
61949835
61889268
61949778
61898465
61885673
61891695
61881732
61920024
61897144
61909522
61889507
61885833
61951461
61897793
61894937
61885479
61917768
61937644
61907639
61921960
61928155
61916408
61882608
61934626
61891727
61916412
61890253
61951162
61887065
61904887
61882238
61942533
61884117
61950345
61886824
61931475
61905694
61891972
61888226
61918175
61898879
61939095
61939004
61908362
61890653
61901311
61896621
61896710
61948798
61893839
61939813
61902386
61935361
61942071
61891065
61908385
61899561
61941038
61880336
61901491
61916842
61937428
61903683
61922408
61941121
61907079
61937928
61902325
61886972
61928267
61937693
61953115
61904036
61902930
61884022
61906091
61888662
61937459
61885719
61936765
61939639
61934202
61942664
61939049
61908662
61943636
61888775
61887953
61925869
61889447
61908691
61882717
61935256
61941725
61882180
61889952
61916406
61900829
61891140
61893163
61951200
61937396
61901143
61924136
61883254
61891439
61926688
61895109
61895972
61952957
61926034
61896449
61889644
61887539
61936825
61895385
61946875
61908787
61926766
61916511
61908833
61889378
61937189
61936056
61945238
61882560
61901146
61939895
61936014
61922074
61938319
61886433
61906806
61886507
61920890
61927969
61921366
61884354
61896149
61918213
61937075
61899921
61907586
61908904
61892972
61939105
61881721
61923716
61905255
61930044
61926585
61946834
61944397
61951006
61934506
61945233
61948297
61942997
61932263
61946697
61942140
61938439
61932246
61937263
61945346
61942226
61931628
61939001
61943282
61925880
61938524
61926404
61931467
61933457
61940823
61926261
61926152
61926129
61941359
61926380
61927655
61946833
61941184
61929172
61932408
61933135
61948472
61938680
61948472
61938680
61929133
61931471
61938362
61929098
61942412
61930225
61928607
61952242
61940826
61950290
61929382
61259037
61929197
61939935
61939668
61940231
61952967
61940980
61940980
61929467
61952053
61926357
61932849
61929785
61949270
61949469
61945937
61952639
61936823
61942461
61930153
61931549
61933720
61938401
61935083
61942031
61930062
61951140
61947562
61929521
61932236
61930676
61932951
61930453
61930403
61951901
61946815
61934180
61931409
61933788
61938034
61952617
61933643
61941374
61930603
61932076
61953015
61930222
61946122
61930117
61951427
61933885
61943847
61938635
61941332
61948202
61941373
61945165
61940973
61935355
61940085
61950799
61941206
61950466
61951721
61951692
61952676
61934121
61947477
61951843
61932152
61943646
61950448
61934257
61940319
61931879
61933422
61934961
61933152
61953135
61936119
61946046
61935876
61952151
61942348
61935758
61945420
61942385
61933614
61937897
61931746
61945219
61935205
61952260
61953140
61935375
61931949
61943489
61951318
61940948
61943188
61935125
61950920
61946884
61933761
61937602
61942486
61947041
61942184
61947513
61950421
61935955
61950036
61947052
61952895
61951787
61936914
61940257
61935245
61940975
61951219
61936810
61937649
61938734
61939994
61949575
61935190
61952620
61948898
61947511
61950244
61950683
61948249
61949172
61934842
61943524
61949555
61935431
61933192
61945090
61948761
61935930
61952637
61949715
61937513
61953059
61945057
61939624
61951424
61945962
61948268
61934047
61931257
61941223
61948465
61933167
61940915
61938682
61939750
61936963
61932140
61936154
61950930
61933987
61952978
61937878
61943443
61938406
61937818
61949509
61934560
61942352
61952523
61942122
61953180
61948474
61938263
61936887
61950342
61951953
61950912
61949742
61950190
61938466
61951223
61947009
61952630
61941106
61935578
61950249
61935969
61935383
61949499
61951837
61941199
61940061
61951844
61950539
61951756
61934161
61950291
61950577
61949622
61943926
61937207
61942562
61952096
61934269
61936365
61943659
61949472
61938723
61952152
61949841
61938493
61934208
61938338
61939786
61950518
61937589
61935842
61937547
61932397
61950085
61948868
61951348
61939196
61915763
61805779
61917855
61715345
61918062
61918597
61911846
61949738
61922075
61901329
61905880
61891634
61952958
61912348
61951137
61908255
61890427
61886883
61886491
61687848
61914419
61918559
61916647
61938679
61921422
61937561
61916628
61901208
61910030
61920184
61939258
61914899
61898029
61916066
61907620
61910589
61929026
61907803
61912440
61912204
61910935
61919938
61920583
61883346
61913532
61915584
61915909
61921659
61917902
61887044
61921032
61917682
61880566
61914736
61917702
61889308
61912979
61920256
61917896
61916271
61893382
61902708
61880825
61920891
61920839
61922849
61910885
61918435
61880690
61886242
61919551
61916018
61903816
61908530
61935628
61936093
61930180
61920585
61904723
61897130
61901515
61927996
61919841
61918837
61898431
61939661
61901144
61923643
61936883
61909862
61933938
61886787
61912567
61914079
61889181
61886877
61893003
61896655
61912853
61898406
61901742
61902876
61923746
61904356
61920970
61901394
61907521
61890158
61901985
61889121
61935336
61914762
61868224
61905414
61903472
61883325
61920232
61909603
61890940
61915017
61890592
61913286
61907119
61904426
61938118
61927790
61898990
61936152
61901672
61909556
61924133
61893190
61926716
61925289
61898912
61895712
61886013
61930993
61950415
61908371
61898603
61926584
61938457
61927842
61911970
61927830
61950382
61915776
61893750
61942167
61890996
61926482
61885545
61882617
61906722
61908629
61903858
61911133
61910913
61893037
61939917
61902736
61890566
61901580
61902844
61923967
61912845
61885495
61909042
61935591
61942540
61890300
61896324
61889241
61904343
61920043
61884511
61905745
61904996
61889385
61887109
61949012
61880669
61895020
61899405
61898093
61904722
61932002
61884452
61927142
61916244
61945115
61928017
61899261
61901868
61918827
61905102
61905073
61898698
61900159
61902028
61942563
61917218
61880611
61905912
61902838
61880654
61901024
61898594
61893216
61897635
61898594
61893216
61897635
61907449
61895429
61936494
61885804
61899320
61934081
61952263
61899320
61934081
61952263
61905188
61883491
61898498
61906888
61929894
61883276
61895665
61929894
61883276
61895665
61899549
61946251
61899934
61908701
61897873
61926181
61904675
61936895
61946759
61900913
61938665
61901455
61939706
61943412
61886470
61882257
61898251
61907780
61907555
61889758
61886624
61902581
61899400
61899271
61899551
61924272
61892531
61898241
61941176
61909917
61933451
61907641
61950970
61883820
61926236
61906060
61904932
61889033
61903050
61935719
61896014
61924589
61935193
61933257
61944504
61936829
61893896
61930254
61922560
61899082
61891005
61898673
61929995
61930190
61930437
61931043
61928403
61943951
61952129
61933996
61933137
61947633
61916090
61929791
61939008
61929700
61944339
61914999
61930250
61937031
61931784
61933231
61931627
61936736
61935549
61936781
61950199
61951705
61931823
61939972
61940141
61947023
61937653
61951358
61953252
61940798
61950337
61940038
61918419
61901658
61896717
61946985
61948855
61929487
61903016
61950586
61891249
61910373
61893182
61888470
61905091
61928327
61906694
61893836
61884129
61946757
59449550
61945919
61952585
59032127
61913183
61942397
61933253
61910074
61871610
61953008
61914704
61898859
61897901
61902026
61939107
61905531
61902820
61899728
61914193
61883003
61945374
61918805
61880617
61893403
61904440
61892071
61892515
61913367
61915881
61912352
61952946
61912421
61949140
61950207
61884958
61911998
61882923
61899946
61908667
61899162
61884061
61893818
61926125
61904875
61923829
61906767
61903912
61910263
61938962
60224144
61912748
61913104
61930137
61952099
61939626
61896774
61889138
61899604
61884328
61913891
61953079
61927468
61898858
61887356
61951286
61952227
61898370
61942315
61896552
61886786
61913644
61924196
61909432
61911222
61918299
61912048
61911976
61922184
61912543
61915131
61911018
61911002
61911953
61913009
61910364
61909693
61909454
61926073
61910651
61919369
61911192
61910245
61913722
61919181
61909372
61922908
61911853
61916400
61910073
61916575
61908358
61914324
61914644
61922557
61909923
61916814
61909722
61916430
61913993
61889347
61916596
61910757
61923007
61915868
61921067
61916886
61931128
61916314
61742131
61915073
61911805
61908601
61908259
61917760
61781692
61933672
61708132
61914330
61915008
61843749
61908773
61924403
61919460
61908096
61911829
61914203
61925546
61916625
61910486
61914432
61912027
61911007
61918544
61925652
61922040
61916695
61920234
61922855
61913144
61910284
61929466
61910966
61914107
61923056
61916701
61931040
61910898
61910845
61910317
61917923
61924951
61924954
61922099
61910909
61911950
61914317
61909877
61909811
61912935
61927294
61910889
61925250
61926728
61909642
61920081
61910390
61910648
61891761
61915962
61910540
61910653
61927091
61927413
61911850
61914423
61926036
61937546
61909705
61920621
61790880
61911046
61911214
61917021
61912432
61912452
61793063
61909979
61911298
61929650
61912021
61917991
61925702
61914471
61910422
61910946
61910926
61877414
61909553
61911898
61924586
61918914
61915151
61910844
61922137
61922680
61910611
61912223
61915117
61924144
61914195
61916561
61922245
61922541
61927338
61912286
61924709
61912306
61543926
61912969
61910866
61917994
61616140
61922295
61912114
61917552
61924455
61916267
61685064
61915613
61912666
61771748
61909978
61936993
61789412
61910398
61915842
61925524
61910977
61910658
61947095
61925538
61915109
61911973
61926246
61911880
61910999
61916169
61879892
61917889
61913211
61916607
61905818
61911271
61813369
61855132
61923539
61824787
61836601
61863274
61929420
61920218
61910666
61913089
61899616
61927730
61864305
61929214
61924125
61910951
61916176
61912087
61859776
61912595
61914684
61870014
61924373
61914437
61918872
61916879
61911800
61929288
61674740
61910042
61915056
61928599
61924713
61926551
61931929
61624723
61924353
61914049
61914057
61917986
61917971
61927981
61914883
61926342
61934643
61876167
61881197
61914572
61908343
61911938
61912998
61924348
61911933
61928262
61922474
61886981
61930439
61912588
61912613
61908359
61934115
61914042
61931586
61911057
61951350
61737637
61928172
61913986
61924323
61931489
61914074
61920239
61706163
61915783
61927980
61914086
61927158
61913025
61812307
61912774
61912694
61915771
61914531
61914978
61947046
61914897
61916803
61919672
61916468
61926720
61912881
61912858
61913065
61924980
61914448
61913954
61916577
61839192
61914575
61919854
61691220
61921839
61920151
61926950
61914070
61913111
61908389
61825827
61734903
61915860
61916270
61908517
61913919
61828127
61926227
61914526
61919359
61913850
61803725
61918794
61933669
61927533
61917268
61929369
61933890
61926277
61916463
61929792
61927336
61915823
61914489
61914498
61922678
61921758
61885106
61927800
61915798
61916178
61875752
61868092
61849544
61915001
61883318
61914285
61920008
61917171
61914169
61922819
61926391
61926107
61939844
61929734
61733066
61924532
61918587
61917984
61916933
61872521
61930600
61914442
61912930
61930656
61927363
61918760
61946733
61916102
61918070
61927972
61922064
61920262
61931977
61933958
61916757
61915773
61916677
61929100
61919948
61918541
61878857
61866004
61934016
61818154
61929223
61919802
61927213
61923767
61916567
61915059
61916535
61730113
61854970
61910703
61783740
61932534
61916165
61901457
61929900
61919318
61914699
61935487
61917257
61928688
61917744
61920031
61878433
61916160
61927855
61912099
61929676
61951025
61929141
61920758
61587253
61929424
61919578
61861572
61919815
61914000
61918424
61926940
61925542
61785674
61613893
61864642
61916693
61927498
61920134
61908453
61736790
61916832
61787508
61928486
61611766
61890360
61933359
61915047
61889885
61914600
61924718
61916543
61858613
61929952
61896958
61739346
61891261
61918356
61918177
61786456
61823569
61923962
61928127
61917006
61868528
61949442
61867536
61913476
61936531
61934035
61952645
61919643
61921897
61931206
61914659
61937398
61921437
61917668
61912485
61918124
61920055
61874925
61927925
61929906
61929913
61754249
61929356
61941260
61929595
61934144
61911932
61917883
61935942
61622006
61918201
61919688
61918576
61817045
61934141
61928409
61929303
61930170
61934303
61809514
61919519
61936679
61936767
61932323
61920100
61920965
61790385
61858730
61899583
61929485
61916143
61874411
61919907
61929371
61856153
61922026
61931150
61916718
61852789
61919814
61910108
61898729
61912288
61869127
61919768
61929654
61814147
61816416
61797870
61845289
61876819
61816956
61931573
61918882
61938456
61920159
61854006
61915951
61921898
61890778
61936144
61800465
61818769
61892957
61918859
61723409
61916489
61939199
61901974
61871932
61931140
61828320
61811496
61892858
61931702
61932592
61919262
61917828
61920021
61931162
61930145
61922804
61645610
61929959
61666140
61924103
61878921
61941900
61733239
61935718
61930778
61932269
61921793
61931158
61934375
61942073
61889871
61943332
61880415
61912658
61918392
61930139
61931222
61920769
61949119
61930422
61931276
61932027
61920895
61940261
61889450
61920085
61925398
61931799
61921910
61921039
61919776
61933889
61921313
61933971
61918513
61808537
61855472
61934502
61888643
61869514
61932682
61933689
61921928
61911979
61933751
61931455
61808067
61918813
61908097
61736182
61932220
61859814
61883816
61924224
61883576
61951295
61925648
61826866
61911042
61872438
61690739
61827479
61844239
61756037
61922042
61887092
61935412
61710471
61853744
61763365
61931970
61909549
61840708
61911036
61867131
61897048
61932175
61931958
61923691
61922285
61923824
61920051
61654587
61837080
61888924
61909900
61907773
61879231
61786037
61864037
61922103
61623312
61933375
61720930
61852881
61923983
61728550
61826920
61647850
61920999
61920999
61903005
61921682
61917826
61734825
61827847
61910695
61933591
61921681
61940069
61933591
61921681
61940069
61925842
61911014
61764538
61888991
61731596
61804013
61913496
61804013
61913496
61758359
61747116
61805766
61950320
61927467
61921981
61911063
61869190
61724597
61940740
61923796
61947022
61933340
61857412
61935594
61727646
61835333
61854132
61877109
61804159
61949114
61942288
61908290
61848106
61931806
61920716
61948246
61840851
61916776
61920662
61948142
61913598
61910424
61921409
61906497
61910222
61874280
61909767
61872973
61908165
61910605
61927989
61948570
61950606
61867039
61908478
61864701
61921809
61924079
61939420
61920016
61910869
61896389
61920188
61949540
61934398
61940324
61922189
61908191
61909695
61909087
61952010
61908270
61924080
61898130
61936841
61909630
61911325
61935950
61909576
61908470
61938893
61939883
61931429
61847238
61924174
61934301
61927885
61937331
61920521
61730365
61926031
61877471
61921786
61910147
61933819
61922053
61869017
61926365
61895678
61795903
61910616
61799769
61774124
61905800
61933773
61931309
61904383
61929618
61935618
61878356
61882914
61951647
61921249
61894298
61753251
61720015
61875130
61926184
61948368
61896697
61847060
61868928
61924457
61864939
61937595
61912729
61907217
61790957
61923698
61875318
61910145
61935090
61935762
61908735
61739283
61853406
61918873
61866838
61830578
61926887
61943350
61889497
61736026
61910603
61947882
61874655
61923893
61905392
61922470
61908192
61906244
61935740
61801884
61939676
61910887
61827841
61929934
61909981
61924982
61843159
61864220
61840227
61911275
61883932
61791676
61865073
61939681
61937035
61910247
61879141
61842913
61910190
61910280
61905577
61898762
61718500
61896594
61874502
61851574
61911021
61861156
61937163
61920992
61895000
61909573
61799941
61926293
61922608
61890422
61842436
61945338
61753394
61878824
61912560
61944646
61885217
61906765
61944413
61930857
61913119
61936673
61937309
61911107
61940913
61911189
61833118
61912043
61937580
61740324
61926398
61912960
61924430
61889525
61870822
61885764
61942495
61951863
61909213
61866585
61924611
61920277
61944481
61940046
61901702
61858314
61912986
61909360
61901440
61910984
61921989
61892459
61890362
61868654
61912314
61887208
61840461
61870936
61861474
61923779
61887051
61914282
61926255
61936862
61859373
61904950
61840033
61852464
61893074
61871724
61914128
61881965
61926017
61870836
61912450
61911978
61938648
61911132
61928545
61850675
61938848
61923827
61925014
61912626
61864621
61882815
61951328
61910542
61922362
61923402
61905488
61926081
61939666
61937193
61937082
61946914
61867469
61921232
61928019
61876835
61911581
61910090
61944325
61937662
61912655
61860119
61937635
61925089
61912368
61888772
61923908
61878858
61857071
61912790
61913347
61847665
61937272
61912544
61813078
61876272
61888919
61910581
61834510
61881977
61885272
61875704
61887122
61921113
61823173
61731525
61847308
61872383
61938428
61905922
61800346
61893515
61873384
61924520
61900274
61826497
61938349
61813527
61884079
61911224
61900422
61903803
61892647
61896161
61911101
61911751
61917732
61846837
61912458
61872323
61882523
61946037
61846673
61927503
61924121
61881424
61848075
61888630
61936592
61901360
61874959
61879549
61868329
61924155
61912828
61851318
61861942
61910723
61909755
61911047
61912911
61898200
61912761
61912696
61855620
61878601
61912532
61884188
61913531
61910854
61922378
61890138
61880392
61844418
61874667
61951264
61896869
61896973
61895558
61900239
61914345
61844402
61848779
61908677
61833157
61851975
61952742
61874865
61892723
61912540
61869105
61892165
61881799
61834778
61854573
61846268
61869205
61926028
61945354
61914522
61851735
61929682
61943629
61810625
61923293
61871099
61876884
61917980
61914550
61889403
61878467
61913975
61881742
61913112
61929922
61936082
61886225
61844277
61933817
61871763
61860275
61940745
61938482
61950060
61940745
61938482
61950060
61939745
61938974
61897050
61902106
61900257
61859339
61842498
61922812
61927348
61912639
61892352
61922665
61912037
61905770
61875195
61924844
61858960
61912241
61882574
61861450
61913435
61850668
61843733
61853445
61902458
61937213
61910819
61843175
61905614
61898407
61852126
61849962
61857627
61882754
61913082
61865923
61881611
61926242
61940422
61929324
61905757
61872895
61924176
61882663
61912918
61874198
61851765
61884522
61927699
61888987
61854919
61939002
61844631
61840629
61948334
61881289
61939643
61847624
61896625
61879813
61841201
61849672
61861245
61855391
61878532
61912629
61910863
61915660
61898948
61883912
61938543
61894787
61946686
61902582
61918285
61938798
61931173
61915800
61918832
61893943
61871899
61912237
61874556
61922800
61882356
61951281
61853548
61871151
61911777
61905928
61914429
61852387
61901386
61851798
61907694
61860231
61914044
61839525
61844901
61857610
61849570
61884134
61870427
61859955
61951892
61941652
61951846
61883896
61877182
61889036
61912457
61855891
61884666
61882802
61898184
61943608
61911024
61906517
61861027
61860947
61912731
61859757
61923054
61938572
61912669
61896876
61871028
61900613
61938973
61938627
61948412
61946151
61925671
61905736
61918624
61896319
61904606
61940003
61851033
61880052
61890159
61855728
61930032
61865608
61895471
61912183
61843531
61873767
61946821
61847868
61943676
61869008
61896909
61893869
61923856
61871420
61879146
61933963
61896054
61844807
61844332
61853323
61866956
61844775
61845139
61852239
61897979
61874800
61906708
61941036
61860593
61875481
61889846
61902791
61885234
61880407
61867598
61867430
61890340
61889509
61845002
61850308
61935464
61846447
61897235
61876205
61861908
61914223
61925049
61845702
61855970
61914197
61946077
61933983
61914357
61948294
61951958
61898973
61916795
61944346
61891506
61894791
61874827
61847767
61902858
61849162
61881203
61893329
61880333
61939083
61878244
61865861
61901052
61943593
61949526
61870677
61839701
61856160
61914444
61903583
61866010
61949450
61931115
61895777
61913276
61915954
61912076
61914225
61883213
61869518
61859735
61951849
61940024
61947416
61896107
61939836
61891800
61871867
61939980
61924549
61864464
61947678
61912103
61900448
61904850
61929242
61904467
61874101
61877288
61875180
61912126
61901502
61936788
61912955
61936173
61893016
61872487
61884601
61861742
61940071
61904910
61869899
61944219
61866145
61879586
61874451
61868125
61874678
61941142
61894802
61942417
61850908
61877574
61916605
61878431
61855192
61846533
61875907
61850801
61846214
61914025
61896342
61852649
61852357
61903998
61856372
61927501
61909417
61855262
61852375
61907882
61931004
61904177
61843964
61915118
61903901
61949700
61867525
61939226
61860340
61941524
61892707
61873613
61887581
61866834
61870054
61856935
61937670
61925734
61869093
61939828
61886920
61864643
61872219
61852647
61877433
61886604
61917130
61902206
61882601
61935623
61866129
61877933
61914258
61915830
61893856
61913767
61925102
61903886
61859588
61851096
61856945
61888865
61856282
61842595
61892344
61887248
61862267
61863988
61860195
61848899
61857351
61847924
61941090
61886875
61876358
61893951
61900779
61855427
61899726
61885816
61875524
61872297
61893460
61950604
61851413
61926153
61887373
61950152
61875718
61862958
61926670
61901339
61909942
61867546
61898006
61874759
61880233
61863560
61898176
61896935
61909554
61850655
61916790
61872087
61881556
61912572
61849087
61865407
61883807
61909608
61909655
61879280
61864278
61950464
61927809
61868911
61872897
61868716
61849803
61851047
61903049
61885980
61871600
61896349
61878863
61893857
61901068
61914129
61856685
61850237
61947749
61907927
61853234
61884751
61928094
61886939
61928094
61886939
61901327
61879909
61941333
61901872
61878786
61950369
61951317
61908168
61908168
61905265
61894755
61865108
61907748
61900589
61871010
61948137
61885115
61862431
61908504
61916558
61914601
61951000
61887306
61870036
61849653
61874156
61849794
61916218
61946179
61925662
61927377
61886279
61892776
61881088
61913035
61906906
61920235
61906846
61916229
61857601
61886674
61947648
61889451
61949779
61857878
61898889
61940570
61864317
61942638
61915990
61917328
61931419
61859387
61873366
61912812
61877453
61863620
61857039
61915061
61874464
61937252
61882360
61900421
61939739
61875075
61901312
61851175
61906699
61847493
61848046
61869940
61916717
61870346
61933702
61842798
61902103
61950953
61868749
61882494
61902578
61868490
61873337
61950231
61879365
61902309
61880629
61875231
61912910
61877844
61883526
61875714
61887391
61857231
61868334
61891829
61867723
61939678
61926656
61883862
61882287
61916518
61874246
61915077
61867527
61901608
61918092
61893940
61914445
61869538
61900568
61859504
61850241
61901972
61878891
61879986
61872614
61850038
61935593
61860227
61847498
61870752
61883135
61909666
61936715
61905819
61859697
61893666
61949191
61849029
61859092
61925793
61924829
61856445
61883197
61875141
61883838
61906050
61859543
61951471
61918912
61917867
61869535
61888776
61950011
61852398
61904999
61880681
61862673
61885424
61879372
61935776
61899339
61904698
61867688
61898685
61916416
61859293
61869414
61940847
61918478
61861269
61886320
61882239
61864448
61870833
61883673
61907011
61920059
61874676
61914615
61905386
61850986
61915804
61920087
61904827
61916439
61868133
61892800
61868343
61883739
61861540
61928283
61888746
61855497
61874704
61916587
61950181
61901692
61901570
61890323
61946840
61890009
61862603
61898867
61926294
61905892
61890387
61902120
61948163
61889190
61852339
61872019
61849175
61859451
61883012
61909249
61915839
61879229
61892113
61873009
61927223
61857306
61903807
61917941
61929888
61889128
61895507
61879952
61927068
61886822
61895513
61866728
61902298
61867735
61923403
61862711
61902433
61843198
61854387
61905573
61888706
61905237
61909796
61873136
61880401
61878332
61850662
61848103
61945925
61948233
61898533
61904588
61852845
61914784
61939971
61950913
61871501
61843205
61876258
61895356
61904156
61886961
61926082
61847553
61951150
61914863
61876820
61847734
61917040
61895221
61942573
61854505
61942107
61870030
61904671
61892656
61872128
61851785
61887603
61847655
61903954
61883789
61927454
61950571
61931308
61887370
61918103
61902652
61848892
61904721
61846864
61873750
61898422
61846652
61916084
61938312
61890773
61868065
61905105
61951957
61882192
61856247
61845912
61863860
61908431
61899520
61847879
61890164
61931231
61875280
61854924
61893069
61868275
61866758
61904833
61948847
61902008
61942254
61855498
61894669
61858315
61856416
61935301
61848104
61881884
61946863
61880457
61903366
61931893
61927283
61916448
61943734
61850568
61862669
61871930
61877273
61906404
61885428
61895367
61900615
61915021
61889683
61863589
61940371
61869454
61861369
61852869
61895608
61945375
61914332
61929161
61853238
61892777
61890135
61851776
61914654
61893103
61886868
61903593
61896458
61916425
61870576
61864157
61875499
61868148
61885088
61876891
61849882
61908439
61893585
61872440
61878597
61914101
61886077
61886937
61927745
61916380
61907385
61907233
61930018
61889021
61935291
61944539
61872331
61861111
61951670
61850007
61941135
61941135
61880537
61922072
61952661
61872495
61886737
61856718
61926015
61870446
61855772
61855772
61873459
61904250
61951033
61869863
61887977
61857927
61909754
61876128
61927781
61857927
61909754
61876128
61927781
61874760
61848456
61914314
61925976
61908938
61856720
61883342
61889657
61931390
61887514
61883894
61887328
61951751
61864652
61852773
61916723
61944420
61883517
61868779
61918864
61916544
61880157
61907411
61878317
61898455
61886068
61875453
61918290
61869971
61886766
61898500
61848832
61932026
61951272
61885645
61885474
61916671
61916670
61856674
61869259
61846570
61871492
61895145
61927332
61946749
61855614
61916952
61904236
61926899
61918400
61901178
61871110
61885339
61890419
61879850
61870873
61887513
61848621
61903676
61875611
61928354
61900401
61868763
61898436
61847301
61847503
61936944
61927801
61892385
61852842
61871382
61917688
61950395
61865262
61894646
61899750
61933927
61914892
61905701
61878852
61878975
61847136
61949763
61884113
61904287
61949816
61882128
61919865
61907441
61946240
61935560
61846949
61919577
61896235
61889456
61897140
61899811
61888934
61908174
61952332
61917565
61876716
61878066
61929905
61918634
61854124
61916367
61860271
61861392
61874898
61906412
61889224
61927339
61851752
61892946
61870207
61884002
61915963
61918693
61916815
61868292
61915779
61918787
61847467
61895546
61904374
61871613
61917798
61950475
61901715
61920250
61847416
61915012
61892253
61931145
61904535
61858297
61902158
61946173
61875244
61855033
61929093
61908074
61877393
61917956
61909465
61915124
61877012
61890579
61870783
61875765
61893111
61942359
61904749
61881451
61907520
61862455
61897965
61900221
61908007
61909636
61949658
61917389
61949030
61945109
61908990
61901922
61902900
61928702
61916429
61952741
61933883
61905396
61942392
61896385
61918190
61892990
61858559
61918042
61932565
61902086
61950457
61918930
61952714
61900859
61952270
61900878
61945307
61916846
61916286
61893117
61900961
61949718
61942378
61937987
61922231
61923785
61916530
61915408
61950909
61927461
61918726
61908078
61917727
61947546
61930047
61930277
61924146
61948867
61915927
61918532
61931752
61927422
61948396
61918874
61919457
61918332
61929719
61947536
61918913
61919094
61922929
61929841
61917045
61918675
61919450
61928454
61917852
61917926
61921578
61919112
61935219
61916474
61929795
61895846
61929385
61916563
61894127
61922095
61916619
61949516
61916414
61918526
61920177
61925085
61927880
61921774
61922337
61926301
61916599
61928562
61928249
61919567
61920137
61931081
61918704
61945450
61916712
61937436
61929346
61929571
61930768
61918783
61918194
61931138
61930773
61917754
61929196
61945133
61918838
61926686
61929568
61928386
61919542
61920318
61918719
61917293
61928527
61929417
61931687
61918416
61931378
61932153
61919856
61927328
61933433
61918756
61938422
61933596
61919489
61943311
61931161
61931247
61922264
61918635
61923259
61931300
61936074
61948351
61918696
61919497
61929877
61921778
61918225
61935953
61929407
61919530
61938379
61930286
61923091
61931843
61924493
61944288
61948175
61930187
61930333
61931026
61932146
61918662
61924992
61935155
61933943
61946132
61919813
61925630
61932250
61918735
61934205
61920033
61934709
61926731
61934109
61931191
61933897
61933762
61928725
61922317
61921737
61931565
61931521
61926881
61925796
61933272
61941237
61924009
61924134
61922593
61922462
61933187
61934647
61934517
61933577
61923898
61943542
61934057
61933468
61926302
61931944
61923899
61951948
61927746
61933635
61932636
61926292
61934733
61936878
61920956
61934780
61934108
61934886
61949234
61933825
61942023
61924464
61927393
61934062
61924575
61934069
61922113
61935502
61922726
61924952
61922263
61951942
61939785
61936769
61925499
61935371
61935724
61926767
61941225
61924394
61921642
61925860
61935927
61934009
61926539
61922565
61926507
61924880
61921827
61933661
61931609
61935624
61922913
61925823
61924062
61941698
61922765
61946684
61924053
61924698
61935299
61924886
61924958
61922575
61926208
61935332
61950377
61929154
61923648
61927718
61936936
61937407
61935447
61937168
61935428
61937500
61946814
61937370
61927889
61937510
61924156
61933684
61940188
61943475
61939691
61935293
61937113
61937120
61924324
61940460
61929580
61924814
61923146
61925545
61929372
61936806
61925980
61927734
61925817
61925829
61942547
61924034
61938265
61936799
61925003
61948981
61938649
61924177
61926671
61928060
61926439
61925990
61944594
61926646
61926363
61938243
61929802
61933870
61933381
61938531
61941034
61951793
61947554
61925777
61938531
61941034
61951793
61947554
61925777
61924959
61939036
61937313
61937310
61938782
61927605
61938353
61938553
61944568
61947223
61935141
61950272
61951763
61950292
61926108
61928153
61935821
61938925
61928006
61929458
61927622
61944209
61928748
61948007
61934333
61938460
61938152
61940977
61944532
61926336
61951135
61936123
61940267
61925805
61946061
61924876
61939518
61945232
61951765
61938424
61930107
61949131
61940204
61938711
61939635
61930112
61939767
61939843
61938554
61950925
61938504
61949621
61951329
61930259
61938630
61928240
61952309
61940006
61940213
61940161
61934797
61946731
61944780
61938845
61938873
61938916
61934857
61939081
61942930
61945968
61941042
61939056
61929234
61938074
61948804
61940881
61942115
61942375
61929961
61951543
61946040
61945969
61928208
61929584
61940070
61939662
61927820
61948279
61944530
61946761
61937312
61947425
61951873
61927234
61936942
61948176
61951429
61946184
61926943
61935406
61952703
61949584
61951962
61939150
61935421
61944356
61946116
61942258
61944395
61933709
61946048
61952127
61945085
61951399
61940752
61928054
61940956
61940869
61931719
61931166
61946041
61943160
61951268
61949734
61939672
61946397
61947747
61945209
61936126
61931873
61949094
61935370
61946860
61942035
61951720
61939911
61951453
61948245
61934883
61926500
61940170
61943218
61946965
61950242
61939893
61930005
61928364
61945394
61945317
61944680
61934064
61944557
61947839
61945920
61950516
61941117
61951347
61928241
61935539
61949765
61945352
61941456
61937400
61935841
61940568
61949568
61931388
61937758
61952709
61950637
61943740
61927658
61932013
61941500
61945304
61932874
61931034
61948961
61943348
61945487
61948008
61949166
61928035
61950589
61940103
61933914
61951351
61949830
61951746
61937112
61936410
61949767
61942066
61952161
61952396
61934041
61949862
61945407
61950952
61944335
61950200
61950942
61948683
61949110
61943360
61948431
61944645
61944364
61950597
61943466
61951338
61932029
61952729
61945506
61941104
61927893
61933338
61948841
61935827
61850612
61932251
61949590
61947485
61932292
61946083
61948315
61951702
61948451
61935696
61952686
61943405
61946671
61946685
61943463
61935769
61951229
61951732
61951306
61951806
61942492
61947002
61947461
61950461
61946740
61947505
61935486
61937127
61943674
61945461
61951456
61946763
61917065
61920276
61910831
61940060
61935379
61937672
61759983
61891165
61911943
61914819
61862952
61912397
61832264
61911082
61916887
61920921
61920133
61918245
61911847
61912722
61910778
61915359
61922330
61914236
61914174
61910099
61912959
61914262
61930220
61922265
61932033
61946953
61871896
61914806
61743790
61742996
61674167
61918235
61921176
61916241
61921481
61931450
61917047
61923039
61894987
61909530
61909968
61875727
61925536
61950691
61875947
61884785
61856600
61863901
61879778
61872222
61913306
61908145
61845008
61935413
61844319
61911812
61839568
61884694
61912670
61852872
61914411
61914360
61876281
61878054
61852265
61848866
61924669
61927233
61911948
61942146
61854808
61913191
61935881
61905458
61878515
61893570
61912838
61907738
61851041
61914315
61851744
61861288
61903382
61864576
61858290
61929229
61890260
61914962
61876857
61923214
61871474
61868145
61854146
61891647
61873748
61937108
61887593
61860548
61906726
61879652
61892850
61872463
61929876
61904909
61917514
61850776
61893332
61919770
61891547
61916674
61870022
61909605
61941393
61880508
61855400
61883411
61947524
61929999
61916232
61905051
61888323
61929238
61878584
61917384
61929901
61930319
61929321
61918257
61919647
61932023
61931007
61952267
61931523
61930217
61913413
61919751
61948836
61920141
61925007
61931464
61933882
61927792
61932036
61927120
61919496
61926550
61949628
61930659
61930659
61919657
61923763
61942469
61923359
61937197
61935423
61937023
61951126
61938571
61938571
61946764
61927881
61938308
61929211
61942007
61938537
61951288
61938664
61930507
61952050
61945294
61944415
61952391
61946452
61939599
61945516
61951366
61940814
61952143
61939599
61945516
61951366
61940814
61952143
61944331
61950241
61950972
61950957
61945513
61950957
61945513
61940965
61943535
61941093
61944203
61941073
61950189
61911008
61925427
61944203
61941073
61950189
61911008
61925427
61921776
61848890
61885509
61913007
61933999
61933999
61910154
61926037
61924172
61915899
61931111
61853602
61850859
61866253
61921732
61915978
61718898
61900453
61936307
